tree
version=v4
num_class=1
num_tree_per_iteration=1
label_index=0
max_feature_idx=18
objective=binary sigmoid:1
feature_names=ret_1 ret_5 ret_15 vwap_dev rvol vol_z atr_5 atr_15 rv_5 rv_annual rsi_14 macd macd_signal macd_hist ema_9_21_spread ema_slope high_dist_5 low_dist_5 minutes_into_session
feature_infos=[-0.0071251447601725637:0.011742552330939793] [-0.007644570001111739:0.011709011828356264] [-0.0081440037648042862:0.013348386239872667] [-0.010212106182182303:0.0053714027125581305] [0.036248798504258141:17.945451486310635] [-2.1390755273242146:4.2478779914031417] [0.0731600000000526:2.3019999999999983] [0.080466666666681397:1.072500000000006] [0:0.0055011713624140944] [0:1.7245974809582743] [0:92.983301736848844] [-1.7188560229465111:2.4427261337295931] [-1.4851367549054428:2.117907710654789] [-0.68441028655174008:0.95728289964975222] [-0.002429223892706969:0.0034904451891622831] [-0.003595651756277185:0.005488001688644939] [0:0.0078418451400330096] [0:0.011979815191034929] [0:379]
tree_sizes=3467 3475 3468 3477

Tree=0
num_leaves=31
num_cat=0
split_feature=1 12 7 18 2 17 12 11 18 18 15 6 18 6 14 11 11 8 7 7 15 15 7 8 11 18 18 7 15 7
split_gain=33.1027 23.2711 22.1079 21.8992 21.9626 21.6519 15.5589 15.3721 19.5094 15.4846 13.7599 20.894 12.9212 12.9011 10.5555 10.3071 17.7699 9.85883 12.0991 18.3522 19.7746 10.3731 9.76304 8.9871 10.7989 11.9709 8.84788 8.75615 17.7664 16.0761
threshold=-0.00020964910071902262 -0.09273371072838682 0.13285000000001146 316.50000000000006 -0.00032613871566261604 0.00048644207825374893 -0.10336750902826981 -0.052126552735956004 278.50000000000006 302.50000000000006 -0.00029802347931362489 0.27410000000002138 338.50000000000006 0.48942999999999309 -0.00032499191974294913 0.37266171272699472 0.55421864061901271 0.00042810717871002161 0.30969666666667695 0.19953333333334058 1.4652453542041146e-05 2.116512608829613e-05 0.11287000000000945 0.00030596479577413494 -0.5922892145380273 92.500000000000014 289.50000000000006 0.13166999999999693 9.906097871437149e-06 0.1896699999999972
decision_type=2 2 2 2 2 2 2 2 2 2 2 2 2 2 2 2 2 2 2 2 2 2 2 2 2 2 2 2 2 2
left_child=2 6 -1 5 -5 7 17 8 -3 22 11 -4 13 14 -12 -7 -17 18 19 20 -2 -21 -9 -13 -25 -26 -24 28 -6 -29
right_child=1 3 10 4 27 15 -8 9 -10 -11 12 23 -14 -15 -16 16 -18 -19 -20 21 -22 -23 26 24 25 -27 -28 29 -30 -31
leaf_value=0.012992820993825198 0.0073705497161788563 -0.047444650625738216 -0.10956243640303998 -0.021663020953566071 -0.094639293177519526 -0.069534144403048004 0.0053379161460078497 0.00065540473279190881 -0.12248073698504522 0.010895009737929846 -0.06407147573176146 -0.02522637847930485 -0.068122145687910932 -0.07768996543518196 -0.023023098317030335 -0.0056553225302472462 -0.072639917718301611 -0.078198146337509544 -0.017132540267721121 -0.079946084004911461 -0.063558169170845807 -0.040872259061548656 -0.041474920434995739 -0.021663020953566064 -0.11151755455615756 -0.043634371730670342 -0.080400946619776273 -0.10486092723265733 -0.019628144035347576 -0.0543224056678085
leaf_weight=24.23833841085434 25.48773729801178 25.987496852874756 13.993267536163328 17.491584420204163 16.99182486534119 157.92401933670044 20.740021526813507 12.993748426437376 12.993748426437376 14.742906868457792 16.741945087909698 36.482447504997253 21.739540636539459 12.4939888715744 242.63326388597488 18.740983307361603 20.989901304244995 15.742425978183745 52.974512815475464 37.232086837291718 15.992305755615233 31.234972178936005 252.87833476066589 12.493988871574397 13.243628203868871 12.743868649005888 15.492546200752257 56.972589254379272 14.742906868457792 21.739540636539459
leaf_count=97 102 104 56 70 68 632 83 52 52 59 67 146 87 50 971 75 84 63 212 149 64 125 1012 50 53 51 62 228 59 87
internal_value=-0.0450668 -0.0506252 -0.0333148 -0.0551436 -0.0737193 -0.0506826 -0.0356547 -0.042941 -0.0724567 -0.0390554 -0.0362487 -0.0534761 -0.0310292 -0.0280632 -0.0256727 -0.0638072 -0.0410434 -0.0404133 -0.0367623 -0.0462203 -0.0199755 -0.0621204 -0.0416726 -0.0430066 -0.0598632 -0.0782287 -0.043722 -0.0819635 -0.0597916 -0.0909027
internal_weight=1266.89 860.086 406.804 660.682 127.938 532.744 199.404 335.089 38.9812 296.108 382.566 88.9572 293.609 271.869 259.375 197.655 39.7309 178.664 162.922 109.947 41.48 68.4671 281.365 74.9639 38.4815 25.9875 268.371 110.447 31.7347 78.7121
internal_count=5070 3442 1628 2644 512 2132 798 1341 156 1185 1531 356 1175 1088 1038 791 159 715 652 440 166 274 1126 300 154 104 1074 442 127 315
is_linear=0
shrinkage=1


Tree=1
num_leaves=31
num_cat=0
split_feature=17 18 2 3 3 3 11 7 6 3 3 4 15 15 3 11 11 7 11 12 5 7 2 15 2 3 10 6 12 12
split_gain=27.1681 31.5642 29.3229 23.1783 18.9997 18.8926 17.8718 30.7231 19.5207 19.2759 29.8404 17.8585 15.5509 15.5466 12.1376 13.1285 19.3625 12.058 12.6622 15.0689 11.6454 11.568 15.852 10.8921 11.8284 12.0972 12.5392 19.7553 12.8608 16.707
threshold=0.00049580527544801324 318.50000000000006 -0.00032613871566261604 -0.0023930966214318963 -1.459703262347409e-05 -0.0013907864048107578 -0.25692393365926586 0.28723666666666842 0.48942999999999309 -0.00029785876306305097 0.0013651539421696676 0.57635825250146 7.4769777620664626e-05 -0.00031064281605014393 0.0033287970385478143 0.37266171272699472 0.55421864061901271 0.1276433333333368 -0.15471572018691401 0.13550454457422298 -0.33437378128012352 0.13166999999999693 0.00016791852077402417 -0.00020351318717443109 0.0011522991178788413 0.0011871212591607109 51.97746108510816 0.13900000000002141 -0.0028933465059825139 -0.098276837480719095
decision_type=2 2 2 2 2 2 2 2 2 2 2 2 2 2 2 2 2 2 2 2 2 2 2 2 2 2 2 2 2 2
left_child=1 3 4 -1 -3 -2 7 -5 9 13 23 -12 20 -8 15 -7 -17 -15 -19 -20 -13 -4 -23 -11 25 26 27 -25 29 -29
right_child=5 2 21 6 -6 14 8 -9 -10 10 11 12 -14 17 -16 16 -18 18 19 -21 -22 22 -24 24 -26 -27 -28 28 -30 -31
leaf_value=0.056890208061777719 0.016951972373447668 -0.0082272329087513581 -0.0052862124613240677 -0.069742444310412988 0.0536328727638542 -0.019354883593222929 -0.031609346225716366 0.0064301287789302929 -0.051661055959351415 0.026129305812861603 -0.0092936473560913252 0.082166424907462191 0.0071475859733806995 0.06992573274345977 -0.056797103197114819 0.051139728696232414 -0.023270602686080919 0.046487760208214983 0.010835529974565928 0.058251757410834451 0.033992281220204978 -0.021362497221556032 -0.064959925674699645 -0.055877284905737845 0.036415101723828162 -0.052611477864311779 0.0037727110763803684 -0.030030715866470766 -0.028284599715398564 0.030828184689762818
leaf_weight=23.235379934310913 44.962160214781761 32.732145681977272 35.211577385663986 20.469464734196663 19.995235666632652 241.0055935382843 13.73234125971794 37.467961952090263 13.235064670443533 24.489712998270988 28.229131504893303 20.744503021240234 28.485767841339111 12.996543765068052 18.727008476853371 17.249050259590149 17.727516114711761 38.982091069221497 178.17448423802853 18.495197668671608 31.737432867288589 50.663360834121704 35.430798381567001 28.474576756358147 13.744711831212042 16.492203503847122 111.70274426043034 17.492203563451763 42.738272801041603 31.737802028656009
leaf_count=93 180 131 141 82 80 965 55 150 53 98 113 83 114 52 75 69 71 156 713 74 127 203 142 114 55 66 447 70 171 127
internal_value=-0.00114096 0.00329208 -0.0158987 0.00772829 0.0152313 -0.0132378 0.0061627 -0.0204819 0.00846097 0.00966944 0.00270644 0.0249511 0.0368904 0.0201802 -0.0178437 -0.0152005 0.0134256 0.0230405 0.0204547 0.0152946 0.053034 -0.0294299 -0.0393044 -0.00576091 -0.00873741 -0.0112334 -0.00829384 -0.0194848 -0.00821718 0.00920405
internal_weight=1266.56 926.891 174.033 752.858 52.7274 339.671 729.622 57.9374 671.685 658.45 396.069 109.197 80.9677 262.381 294.709 275.982 34.9766 248.648 235.652 196.67 52.4819 121.306 86.0942 286.872 262.383 248.638 232.146 120.443 91.9683 49.23
internal_count=5070 3710 697 3013 211 1360 2920 232 2688 2635 1585 437 324 1050 1180 1105 140 995 943 787 210 486 345 1148 1050 995 929 482 368 197
is_linear=0
shrinkage=0.05


Tree=2
num_leaves=31
num_cat=0
split_feature=1 3 18 2 17 3 15 6 3 18 6 12 8 8 11 10 8 11 18 3 3 12 18 6 18 3 8 6 8 18
split_gain=28.0709 25.9794 18.1 24.8083 17.1187 20.9087 15.9994 18.1211 11.3142 16.2303 11.0122 10.4353 10.6364 10.1865 8.65148 13.4968 8.23225 8.73202 10.4708 7.96874 11.8037 7.79639 13.8827 15.6004 7.90845 12.5477 10.5724 7.81652 11.5478 11.6933
threshold=-0.00020964910071902262 -0.001889780932649539 316.50000000000006 -0.00032613871566261604 0.00049580527544801324 0.0035300273271330761 -0.00029802347931362489 0.27410000000002138 0.0010858706937692038 253.50000000000003 0.48942999999999309 0.073652487161559144 0.00025657777159161891 5.402557760268544e-05 0.013036004588116159 47.888657617269835 0.00029433582771384051 -0.55842467152530151 102.50000000000001 0.0015922741461739805 0.0031062013210305939 0.44891882983159187 64.500000000000014 0.278930000000014 337.50000000000006 -0.0002197599096426751 0.0001143519540009438 0.30505000000001709 0.00017644913342574142 245.50000000000003
decision_type=2 2 2 2 2 2 2 2 2 2 2 2 2 2 2 2 2 2 2 2 2 2 2 2 2 2 2 2 2 2
left_child=6 -2 4 -4 5 13 7 -1 9 11 21 12 -6 -3 15 -5 -9 -18 -19 -10 -21 22 23 -8 25 -24 -26 28 29 -27
right_child=1 2 3 14 8 -7 10 16 19 -11 -12 -13 -14 -15 -16 -17 17 18 -20 20 -22 -23 24 -25 26 27 -28 -29 -30 -31
leaf_value=-0.061385148151183892 0.036637674256538022 -0.037329871539767447 0.021320115768813239 -0.043374879992821795 0.005322508788397645 0.049012599276931544 -0.047344593055083428 0.019407912621744194 -0.048650758171963841 -0.048578121725323484 -0.031083655512719521 0.019231285605298472 -0.024564231602521944 0.00096077484580219408 -0.046336498804899914 0.0064756746269844043 0.019138262489127554 -0.05702625725099171 0.0039805676306832556 0.00015419311426392165 -0.046681859824744015 0.051415887243093587 0.03421027883050546 0.015844374630568897 0.025715163043678255 -0.013792157562985449 -0.033955449955180163 -0.026815156167985962 0.042559306691000859 0.028409495594058056
leaf_weight=13.93037475645542 33.982361271977425 18.225404888391495 24.739553481340408 27.923850774765015 60.17466202378273 22.239985659718513 17.734951585531235 32.980370759963989 32.44391468167305 20.964791148900986 12.464868828654287 43.170259684324265 58.917969956994057 369.72209520637989 63.247669264674187 26.428516283631325 13.49749986827373 15.700536698102956 12.740940824151037 35.443695053458214 21.681335017085075 15.496165394783018 113.46011562645435 21.742862194776535 14.488322407007219 38.730388522148132 15.222610920667647 12.495443180203436 27.490780621767044 28.487348988652229
leaf_count=56 136 73 99 112 241 89 71 132 130 84 50 173 236 1480 254 106 54 63 51 142 87 62 454 87 58 155 61 50 110 114
internal_value=-0.00108501 -0.00620689 -0.007971 -0.0241906 -0.00459071 0.00186477 0.00973787 -0.00901912 -0.0142974 -0.00717798 0.0149817 -0.00182898 -0.00946318 -0.000838083 -0.0337647 -0.0191353 0.000717734 -0.01398 -0.029697 -0.0288614 -0.017622 0.0168621 0.0150148 -0.0125425 0.0193599 0.0226206 -0.00485751 0.0103546 0.0152587 0.0040932
internal_weight=1265.97 859.306 825.324 142.34 682.984 410.187 406.664 88.8497 272.797 183.228 317.814 162.263 119.093 387.948 117.6 54.3524 74.9193 41.939 28.4415 89.5689 57.125 305.349 289.853 39.4778 250.375 220.664 29.7109 107.204 94.7085 67.2177
internal_count=5070 3442 3306 571 2735 1642 1628 356 1093 734 1272 650 477 1553 472 218 300 168 114 359 229 1222 1160 158 1002 883 119 429 379 269
is_linear=0
shrinkage=0.05


Tree=3
num_leaves=31
num_cat=0
split_feature=1 3 7 18 2 6 3 6 18 11 14 18 3 13 18 14 14 15 6 18 3 14 6 11 7 18 9 13 3 18
split_gain=25.3495 23.4491 19.2818 16.3858 22.4456 12.7626 13.6715 13.1366 12.2155 15.0285 24.5856 13.827 14.674 11.7034 11.209 22.1756 19.1479 10.5337 16.4509 10.1945 10.8281 12.2401 9.54384 9.39928 10.6454 10.9229 9.21591 9.15036 8.99996 8.46312
threshold=-0.00020964910071902262 -0.001889780932649539 0.13285000000001146 316.50000000000006 -0.00032613871566261604 0.2582600000000071 0.0035300273271330761 0.33799999999999958 260.50000000000006 -0.007601854630536308 -0.00012239411819121813 244.50000000000003 -0.00090146112968667394 0.0032710664525932649 128.50000000000003 8.5813165248696074e-05 0.00011293993227667818 -0.00029802347931362489 0.27410000000002138 338.50000000000006 -0.00077361404520686586 -0.00030267350568835685 0.60806000000002325 -0.16228216060187603 0.21335000000000645 228.50000000000003 0.094389130929649775 0.096335846107607051 0.00096430810004980783 297.50000000000006
decision_type=2 2 2 2 2 2 2 2 2 2 2 2 2 2 2 2 2 2 2 2 2 2 2 2 2 2 2 2 2 2
left_child=2 -2 -1 5 -5 6 8 27 11 10 -10 12 -3 -8 16 -16 -14 18 -4 20 21 -19 -9 -23 25 -25 -26 -7 -18 -11
right_child=1 3 17 4 -6 7 13 22 9 29 -12 -13 14 -15 15 -17 28 19 -20 -21 -22 23 -24 24 26 -27 -28 -29 -30 -31
leaf_value=0.05251556668711567 0.034800337914410159 0.024283136543960755 -0.058620980397895421 0.020256014646822251 -0.032152569662580212 -0.030978659391169363 0.070333877411660292 0.0031345225770615052 0.018565061944838326 -0.010916094321742431 -0.065750016826175359 0.035377816512776515 -0.014817260125701998 0.0021849291337113991 0.003170609981962968 -0.03680913992829795 0.05870401138477517 -0.011495530615783785 0.0006812543158413888 -0.021906028311334456 0.0062662927716088807 0.07095835866781755 -0.037645020418701353 -0.030715816580045636 0.060580118791743381 0.033538745104750932 0.0083873326473607596 0.0052455193852438235 0.010327095305517356 0.032699970903298764
leaf_weight=24.22335484623909 33.987450987100601 50.962856903672218 13.859615281224249 24.737265482544899 117.33088032901287 103.32040868699551 12.731738656759264 112.27034811675549 12.475710734724997 47.944330960512161 28.16410556435585 30.979165270924568 39.211759924888611 12.470672056078909 81.426152974367142 60.421883702278137 19.485580325126648 16.964445471763611 74.867513552308083 21.693733274936676 174.60821920633316 14.98670122027397 16.449771746993065 12.746775895357134 26.239514842629433 13.747482433915136 12.480706587433813 20.971977546811104 18.977161258459091 14.481115266680716
leaf_count=97 136 204 56 99 472 414 51 450 50 192 113 124 157 50 326 242 78 68 300 87 699 60 66 51 105 55 50 84 76 58
internal_value=-0.00103202 -0.00590071 0.00925599 -0.00757784 -0.0230271 -0.00436311 0.000882329 -0.0132723 -0.00134367 -0.0162034 -0.0398668 0.00373661 0.000112689 0.0366124 -0.00549856 -0.0138592 0.00976961 0.00651421 -0.00858205 0.0110784 0.0137113 0.0270902 -0.00207689 0.035252 0.0270464 0.00262493 0.0437568 -0.0248665 0.0348353 -0.000798277
internal_weight=1265.22 858.8 406.418 824.813 142.068 682.745 429.732 253.013 404.53 103.065 40.6398 301.465 270.485 25.2024 219.523 141.848 77.6745 382.195 88.7271 293.468 271.774 97.1656 128.72 80.2012 65.2145 26.4943 38.7202 124.292 38.4627 62.4254
internal_count=5070 3442 1628 3306 571 2735 1721 1014 1620 413 163 1207 1083 101 879 568 311 1531 356 1175 1088 389 516 321 261 106 155 498 154 250
is_linear=0
shrinkage=0.05


end of trees

feature_importances:
minutes_into_session=20
vwap_dev=18
atr_5=12
macd=12
atr_15=11
ema_slope=9
rv_5=7
macd_signal=7
ret_15=6
ema_9_21_spread=5
ret_5=3
low_dist_5=3
rsi_14=2
macd_hist=2
rvol=1
vol_z=1
rv_annual=1

parameters:
[boosting: gbdt]
[objective: binary]
[metric: binary_logloss]
[tree_learner: serial]
[device_type: cpu]
[data_sample_strategy: bagging]
[data: ]
[valid: ]
[num_iterations: 1000]
[learning_rate: 0.05]
[num_leaves: 31]
[num_threads: 0]
[seed: 42]
[deterministic: 0]
[force_col_wise: 0]
[force_row_wise: 0]
[histogram_pool_size: -1]
[max_depth: -1]
[min_data_in_leaf: 50]
[min_sum_hessian_in_leaf: 0.001]
[bagging_fraction: 0.8]
[pos_bagging_fraction: 1]
[neg_bagging_fraction: 1]
[bagging_freq: 5]
[bagging_seed: 400]
[bagging_by_query: 0]
[feature_fraction: 0.8]
[feature_fraction_bynode: 1]
[feature_fraction_seed: 30056]
[extra_trees: 0]
[extra_seed: 12879]
[early_stopping_round: 0]
[early_stopping_min_delta: 0]
[first_metric_only: 0]
[max_delta_step: 0]
[lambda_l1: 0]
[lambda_l2: 0]
[linear_lambda: 0]
[min_gain_to_split: 0]
[drop_rate: 0.1]
[max_drop: 50]
[skip_drop: 0.5]
[xgboost_dart_mode: 0]
[uniform_drop: 0]
[drop_seed: 17869]
[top_rate: 0.2]
[other_rate: 0.1]
[min_data_per_group: 100]
[max_cat_threshold: 32]
[cat_l2: 10]
[cat_smooth: 10]
[max_cat_to_onehot: 4]
[top_k: 20]
[monotone_constraints: ]
[monotone_constraints_method: basic]
[monotone_penalty: 0]
[feature_contri: ]
[forcedsplits_filename: ]
[refit_decay_rate: 0.9]
[cegb_tradeoff: 1]
[cegb_penalty_split: 0]
[cegb_penalty_feature_lazy: ]
[cegb_penalty_feature_coupled: ]
[path_smooth: 0]
[interaction_constraints: ]
[verbosity: -1]
[saved_feature_importance_type: 0]
[use_quantized_grad: 0]
[num_grad_quant_bins: 4]
[quant_train_renew_leaf: 0]
[stochastic_rounding: 1]
[linear_tree: 0]
[max_bin: 255]
[max_bin_by_feature: ]
[min_data_in_bin: 3]
[bin_construct_sample_cnt: 200000]
[data_random_seed: 175]
[is_enable_sparse: 1]
[enable_bundle: 1]
[use_missing: 1]
[zero_as_missing: 0]
[feature_pre_filter: 1]
[pre_partition: 0]
[two_round: 0]
[header: 0]
[label_column: ]
[weight_column: ]
[group_column: ]
[ignore_column: ]
[categorical_feature: ]
[forcedbins_filename: ]
[precise_float_parser: 0]
[parser_config_file: ]
[objective_seed: 16083]
[num_class: 1]
[is_unbalance: 0]
[scale_pos_weight: 1]
[sigmoid: 1]
[boost_from_average: 1]
[reg_sqrt: 0]
[alpha: 0.9]
[fair_c: 1]
[poisson_max_delta_step: 0.7]
[tweedie_variance_power: 1.5]
[lambdarank_truncation_level: 30]
[lambdarank_norm: 1]
[label_gain: ]
[lambdarank_position_bias_regularization: 0]
[eval_at: ]
[multi_error_top_k: 1]
[auc_mu_weights: ]
[num_machines: 1]
[local_listen_port: 12400]
[time_out: 120]
[machine_list_filename: ]
[machines: ]
[gpu_platform_id: -1]
[gpu_device_id: -1]
[gpu_device_id_list: ]
[gpu_use_dp: 0]
[num_gpu: 1]

end of parameters

pandas_categorical:[]
