tree
version=v4
num_class=1
num_tree_per_iteration=1
label_index=0
max_feature_idx=18
objective=regression
feature_names=ret_1 ret_5 ret_15 vwap_dev rvol vol_z atr_5 atr_15 rv_5 rv_annual rsi_14 macd macd_signal macd_hist ema_9_21_spread ema_slope high_dist_5 low_dist_5 minutes_into_session
feature_infos=[-0.0071251447601725637:0.011742552330939793] [-0.007644570001111739:0.011709011828356264] [-0.0081440037648042862:0.013348386239872667] [-0.0069769910981362301:0.0053714027125581305] [0.036248798504258141:17.945451486310635] [-1.9722504011467004:4.2478779914031417] [0.0731600000000526:2.3019999999999983] [0.080466666666681397:1.072500000000006] [0:0.0055011713624140935] [0:1.724597480958274] [0:92.983301736848844] [-1.7188560229465111:2.4427261337295931] [-1.4851367549054428:2.117907710654789] [-0.68441028655174008:0.95728289964975222] [-0.002429223892706969:0.0034904451891622831] [-0.003595651756277185:0.005488001688644939] [0:0.0078418451400330096] [0:0.011979815191034929] [0:329]
tree_sizes=2968 3068 3078 3070 3066 3086 3071 3072 3080 3095 3082

Tree=0
num_leaves=31
num_cat=0
split_feature=7 18 7 18 18 12 7 18 7 12 11 7 18 13 11 18 13 18 12 7 18 18 12 12 8 12 18 18 18 7
split_gain=0.00136624 0.000737165 0.00147269 0.000132698 9.12025e-05 4.44501e-05 3.95478e-05 3.87626e-05 5.70061e-05 3.97568e-05 4.8321e-05 3.03439e-05 2.30954e-05 2.08459e-05 2.83549e-05 5.24226e-05 1.84057e-05 1.82707e-05 1.64561e-05 2.30671e-05 2.50088e-05 1.47078e-05 1.36829e-05 1.32969e-05 1.36423e-05 1.27263e-05 3.13748e-05 2.05823e-05 1.574e-05 1.26144e-05
threshold=0.23074000000001435 269.50000000000006 0.38629333333333687 167.50000000000003 134.50000000000003 0.073708324359476121 0.29491333333333319 132.50000000000003 0.3038933333333414 -0.095118448014111748 0.034931633424719173 0.26745000000000424 34.500000000000007 -0.010048213760434263 -0.10913772613719173 72.500000000000014 -0.065544721190283359 62.500000000000007 0.034089689426561189 0.11331333333333003 198.50000000000003 72.500000000000014 -0.030615832987776873 -0.32185596580676246 0.00026381776566561686 0.48214578527016067 30.500000000000004 90.500000000000014 60.500000000000007 0.14024000000000195
decision_type=2 2 2 2 2 2 2 2 2 2 2 2 2 2 2 2 2 2 2 2 2 2 2 2 2 2 2 2 2 2
left_child=4 3 -3 5 16 7 -5 8 12 17 -11 -7 -2 21 15 -15 -1 23 29 -20 -21 -14 -16 24 -10 26 -13 28 -28 -6
right_child=1 2 -4 6 18 11 -8 -9 9 10 -12 25 13 14 22 -17 -18 -19 19 20 -22 -23 -24 -25 -26 -27 27 -29 -30 -31
leaf_value=0.0019802663831088498 0.002003683427076471 0.0019523838802069104 0.0023070013421411925 0.0019273925270108312 0.0019381271844433321 0.0019471790108802837 0.0019665530745958215 0.0020217306377297503 0.002006188583606989 0.0020555313069974017 0.0019895840413701664 0.0020189851799909684 0.0019709693065978529 0.0019605097663914035 0.0019470310163057292 0.0020270725629292527 0.0019478223445361057 0.0019703094981444779 0.0019526862497108929 0.0019308876710907277 0.0019123437687756566 0.0019378355821434966 0.001978989398361536 0.0020143295391396822 0.0019793018963344014 0.0019651589523145621 0.0019791228960893991 0.0019939582699976159 0.0019408878305945049 0.0019258275158387692
leaf_weight=51 59 67 52 138 289 99 121 90 80 61 51 53 66 55 68 64 306 80 51 263 589 68 66 82 115 122 57 85 51 748
leaf_count=51 59 67 52 138 289 99 121 90 80 61 51 53 66 55 68 64 306 80 51 263 589 68 66 82 115 122 57 85 51 748
internal_value=0.00195499 0.00198697 0.00210734 0.00197869 0.00192923 0.0019845 0.00194569 0.00199042 0.00198734 0.00199951 0.0020255 0.00197175 0.00197454 0.0019701 0.00197855 0.00199631 0.00195246 0.00199136 0.00192496 0.00192002 0.00191807 0.00195416 0.00196277 0.00199744 0.00199033 0.00197836 0.00198491 0.00197555 0.00196107 0.00192926
internal_weight=4147 1850 119 1731 2297 1472 259 1005 915 469 112 467 446 387 253 119 357 357 1940 903 852 134 134 277 195 368 246 193 108 1037
internal_count=4147 1850 119 1731 2297 1472 259 1005 915 469 112 467 446 387 253 119 357 357 1940 903 852 134 134 277 195 368 246 193 108 1037
is_linear=0
shrinkage=1


Tree=1
num_leaves=31
num_cat=0
split_feature=7 18 7 18 18 3 12 7 7 5 3 18 18 3 3 11 7 12 3 7 3 7 18 5 12 3 18 6 11 7
split_gain=0.00123303 0.000665291 0.0013291 0.00011976 8.23103e-05 5.06301e-05 6.73942e-05 3.90229e-05 3.56919e-05 3.21941e-05 2.80018e-05 2.65498e-05 2.33384e-05 6.69535e-05 3.07037e-05 2.49331e-05 2.382e-05 5.20025e-05 2.38915e-05 2.33112e-05 2.20546e-05 2.18767e-05 4.88999e-05 2.01248e-05 2.00586e-05 1.92e-05 1.89583e-05 1.67091e-05 1.33596e-05 1.30837e-05
threshold=0.23074000000001435 269.50000000000006 0.38629333333333687 167.50000000000003 134.50000000000003 -0.0017351752997167198 0.039950664348636276 0.31001000000000739 0.29491333333333319 -0.49790233771745968 -0.0010627726825970909 226.50000000000003 108.50000000000001 -0.00055107687493466753 -0.0009845194450336795 -0.18056872763060025 0.29031333333332826 -0.095118448014111748 -0.00024994301281653562 0.32763333333333555 -0.00032600762370097255 0.12940666666667086 291.50000000000006 -0.64631696917077031 0.49673666718707971 0.00043738333144423698 243.50000000000003 0.41707999999998724 0.25440772103041814 0.24966333333331933
decision_type=2 2 2 2 2 2 2 2 2 2 2 2 2 2 2 2 2 2 2 2 2 2 2 2 2 2 2 2 2 2
left_child=4 3 -3 5 9 7 12 -2 -5 -1 11 -6 14 -14 15 -7 18 23 -16 28 -11 22 25 -18 27 26 -12 -21 29 -8
right_child=1 2 -4 8 10 6 19 -9 -10 20 21 -13 13 -15 16 -17 17 -19 -20 24 -22 -23 -24 -25 -26 -27 -28 -29 -30 -31
leaf_value=2.1794057938665884e-05 -2.6542312874482051e-05 -3.0332120087535518e-06 0.00033385338445861214 -2.6774996427096654e-05 2.1821107591572051e-06 3.0946841115756782e-05 -6.2390657551643876e-06 3.0794835014603452e-05 1.0427522677679189e-05 -2.9233359737607971e-05 -1.4571484688842343e-05 -3.2487407294468086e-05 9.0449076363559777e-05 1.5133392197299145e-05 1.1382713204432589e-05 -6.0081557051254948e-06 5.9882178016588246e-05 8.8132822838201102e-05 5.1163188252800756e-05 4.866911327891723e-05 2.3828177269909871e-07 -3.4227745363970499e-05 -4.1990902255664966e-05 2.8359431415450904e-05 9.8456881473144423e-06 -3.0879637573956711e-05 1.9797470167224463e-05 1.4857245359625841e-05 -1.2040172044815909e-05 2.1630704183989485e-05
leaf_weight=96 73 67 52 138 130 173 61 50 121 109 76 96 72 50 92 62 79 74 64 113 152 1345 154 141 105 54 85 54 73 136
leaf_count=96 73 67 52 138 130 173 61 50 121 109 76 96 72 50 92 62 79 74 64 113 152 1345 154 141 105 54 85 54 73 136
internal_value=-5.59675e-07 2.98201e-05 0.000144178 2.19584e-05 -2.50275e-05 2.7475e-05 3.02751e-05 -3.23453e-06 -9.39467e-06 -2.96355e-06 -2.90877e-05 -1.25448e-05 3.94339e-05 5.9582e-05 3.58455e-05 2.1197e-05 4.34952e-05 5.18748e-05 2.77029e-05 1.66383e-05 -1.20698e-05 -3.1269e-05 -2.04844e-05 3.9679e-05 2.69695e-05 -5.07976e-06 3.57362e-06 3.77359e-05 6.23059e-06 1.3001e-05
internal_weight=4147 1850 119 1731 2297 1472 1349 123 259 357 1940 226 807 122 685 235 450 294 156 542 261 1714 369 220 272 215 161 167 270 197
internal_count=4147 1850 119 1731 2297 1472 1349 123 259 357 1940 226 807 122 685 235 450 294 156 542 261 1714 369 220 272 215 161 167 270 197
is_linear=0
shrinkage=0.05


Tree=2
num_leaves=31
num_cat=0
split_feature=6 18 6 18 18 18 12 3 18 3 12 14 14 8 18 3 12 3 18 3 10 8 18 18 18 3 11 3 8 12
split_gain=0.000998294 0.000529721 0.000963662 0.000153458 0.000107029 4.69927e-05 3.65456e-05 5.96702e-05 3.46521e-05 2.86905e-05 2.33583e-05 2.51849e-05 2.30499e-05 2.10579e-05 1.68432e-05 1.96446e-05 2.09029e-05 1.5497e-05 1.2497e-05 4.40686e-05 1.61298e-05 1.15713e-05 2.98833e-05 2.07993e-05 1.93983e-05 1.7026e-05 2.69673e-05 1.14086e-05 2.16359e-05 1.13344e-05
threshold=0.23199000000000755 269.50000000000006 0.41123999999998667 124.50000000000001 158.50000000000003 46.500000000000007 0.054810782763322401 -0.0016177513495283791 124.50000000000001 -0.0017894753938287324 0.26849322598547387 -0.00017339394106823304 -0.00049295779328879655 9.9162205929434865e-05 164.50000000000003 0.0004957293597338023 0.087750421161694972 0.0020085204225720526 52.500000000000007 0.00042253227605923161 55.224572451438398 0.00030548491505595008 58.500000000000007 94.500000000000014 78.500000000000014 -0.00042577510893359623 -0.18056872763060025 -0.00035584813824351047 0.00014563079573302204 -0.32185596580676246
decision_type=2 2 2 2 2 2 2 2 2 2 2 2 2 2 2 2 2 2 2 2 2 2 2 2 2 2 2 2 2 2
left_child=3 4 -3 5 6 -1 7 12 21 -5 11 -6 -2 -7 17 16 -16 27 19 -8 -20 23 29 24 25 26 -9 28 -11 -23
right_child=1 2 -4 9 10 13 18 8 -10 14 -12 -13 -14 -15 15 -17 -18 -19 20 -21 -22 22 -24 -25 -26 -27 -28 -29 -30 -31
leaf_value=4.3182706067454999e-05 2.488518161811726e-05 -8.9417056642560052e-06 0.00026764529092977154 6.9841982331891059e-06 1.3395757125949629e-05 2.8769468779501042e-05 6.097214891529818e-06 3.5345619887066876e-05 7.0376887449703261e-05 -2.7534322318005203e-05 2.1513751259838256e-05 -2.4968679052532261e-05 -1.5840790461882799e-05 -6.672835752045921e-06 -2.1713558784422965e-05 -3.6384878703548335e-05 -4.0956381050655919e-05 3.2145039832747513e-06 2.481860436269814e-05 5.5315689001331888e-05 -5.4945886522494681e-07 1.8529474598633696e-05 7.4973815980795602e-05 3.4464570607299048e-06 6.1858562571615042e-05 4.1805611425265124e-05 -4.4736728379806233e-06 -3.3962515657225061e-05 1.3100127957386577e-05 4.7822540191042272e-05
leaf_weight=75 64 64 62 61 58 50 118 106 76 95 55 163 76 259 766 687 173 70 97 74 177 72 58 62 56 162 71 129 50 61
leaf_count=75 64 64 62 61 58 50 118 106 76 95 55 163 76 259 766 687 173 70 97 74 177 72 58 62 56 162 71 129 50 61
internal_value=-5.31691e-07 2.84362e-05 0.000127157 -2.1307e-05 2.0691e-05 7.67946e-06 2.6571e-05 3.26579e-05 3.8436e-05 -2.67875e-05 -7.64378e-06 -1.49002e-05 2.7768e-06 -9.37835e-07 -2.78332e-05 -2.99597e-05 -2.52588e-05 -1.77817e-05 1.52854e-05 2.50668e-05 8.43121e-06 3.46899e-05 4.5025e-05 3.03704e-05 3.45964e-05 3.0093e-05 1.93729e-05 -2.31457e-05 -1.35224e-05 3.19646e-05
internal_weight=4147 1732 126 2415 1606 384 1330 864 724 2031 276 221 140 309 1970 1626 939 344 466 192 274 648 191 457 395 339 177 274 145 133
internal_count=4147 1732 126 2415 1606 384 1330 864 724 2031 276 221 140 309 1970 1626 939 344 466 192 274 648 191 457 395 339 177 274 145 133
is_linear=0
shrinkage=0.05


Tree=3
num_leaves=31
num_cat=0
split_feature=7 18 7 18 18 3 11 7 7 5 18 3 7 3 3 18 11 3 5 7 11 3 0 7 18 3 18 18 10 3
split_gain=0.00101364 0.000544456 0.00114051 9.74887e-05 6.6241e-05 4.24975e-05 4.971e-05 3.37931e-05 2.95877e-05 2.86925e-05 2.73991e-05 6.80571e-05 2.62806e-05 2.60774e-05 2.33445e-05 3.06783e-05 2.16952e-05 1.95734e-05 1.92234e-05 2.05154e-05 3.29682e-05 1.83123e-05 1.8322e-05 1.74145e-05 4.21613e-05 1.59625e-05 2.18612e-05 1.19994e-05 1.18941e-05 1.18328e-05
threshold=0.23074000000001435 269.50000000000006 0.38629333333333687 167.50000000000003 134.50000000000003 -0.0017351752997167198 0.041525409754910932 0.31001000000000739 0.29491333333333319 -0.49790233771745968 108.50000000000001 -0.00086396011506539589 0.24966333333331933 -0.0009845194450336795 -0.0013092695499256673 231.50000000000003 -0.18056872763060025 -0.00032600762370097255 -0.8403127945543164 0.29997666666668771 -0.11108416271633813 0.0023053037445633817 6.4716126047970071e-05 0.12940666666667086 285.50000000000006 0.00038734302399708525 243.50000000000003 86.500000000000014 30.036587127829836 -0.0002122786008403186
decision_type=2 2 2 2 2 2 2 2 2 2 2 2 2 2 2 2 2 2 2 2 2 2 2 2 2 2 2 2 2 2
left_child=4 3 -3 5 9 7 10 -2 -5 -1 13 -12 -8 16 15 -6 -7 -11 -15 29 28 22 -14 24 25 26 -16 -24 -21 -20
right_child=1 2 -4 8 14 6 12 -9 -10 17 11 -13 21 18 23 -17 -18 -19 19 20 -22 -23 27 -25 -26 -27 -28 -29 -30 -31
leaf_value=2.0476193382042616e-05 -2.4920003351612714e-05 -5.8754607760338745e-06 0.00030619656354247127 -2.4184745774803468e-05 1.0769837651978279e-05 2.7885315765586904e-05 -1.2172266677123229e-05 2.8436881551897388e-05 9.6874359600451136e-06 -2.7662383347162028e-05 0.00010191846441557572 2.2933857811343238e-05 1.4831040168002363e-05 6.3038846424270031e-05 -1.3205522775782205e-05 -3.6009973381735844e-05 -5.9960087953815956e-06 1.0200789007871879e-07 8.1564859355303054e-06 5.3033873049571417e-05 7.7687676374890466e-05 -7.7649239528909682e-06 2.6639445757554251e-05 -3.0431104437315635e-05 -3.6234390666521348e-05 -2.6923512410576223e-05 2.5231165836137807e-05 5.3338513327704985e-05 2.3622578490548306e-05 3.7689912443283904e-05
leaf_weight=96 73 67 52 138 91 173 71 50 121 109 50 60 257 71 75 57 65 152 86 50 55 52 131 1420 174 50 73 62 110 56
leaf_count=96 73 67 52 138 91 173 71 50 121 109 50 60 257 71 75 57 65 152 86 50 55 52 131 1420 174 50 73 62 110 56
internal_value=-5.05106e-07 2.70397e-05 0.000130492 1.99277e-05 -2.26897e-05 2.49051e-05 2.74704e-05 -3.23021e-06 -8.36029e-06 -2.8963e-06 3.57181e-05 5.8836e-05 1.63007e-05 3.18998e-05 -2.63321e-05 -7.24671e-06 1.8632e-05 -1.14931e-05 3.92777e-05 3.45521e-05 4.4293e-05 2.03278e-05 2.35741e-05 -2.79083e-05 -1.82782e-05 -2.49856e-06 5.75311e-06 3.52163e-05 3.28136e-05 1.98035e-05
internal_weight=4147 1850 119 1731 2297 1472 1349 123 259 357 776 110 573 666 1940 148 238 261 428 357 215 502 450 1792 372 198 148 193 160 142
internal_count=4147 1850 119 1731 2297 1472 1349 123 259 357 776 110 573 666 1940 148 238 261 428 357 215 502 450 1792 372 198 148 193 160 142
is_linear=0
shrinkage=0.05


Tree=4
num_leaves=31
num_cat=0
split_feature=7 7 12 11 3 3 7 5 3 15 13 11 3 12 11 4 3 16 4 13 4 13 14 11 11 7 7 3 7 8
split_gain=0.000915057 0.000316933 0.00028222 0.000222704 7.82545e-05 7.43114e-05 4.30981e-05 3.3361e-05 2.93219e-05 4.10177e-05 2.71301e-05 2.6268e-05 3.55314e-05 3.20743e-05 4.34215e-05 2.70553e-05 2.31355e-05 2.14292e-05 2.09883e-05 1.96429e-05 1.89793e-05 3.28013e-05 1.62075e-05 1.41105e-05 3.08921e-05 2.0352e-05 9.57616e-06 8.38582e-06 2.49569e-05 2.41604e-05
threshold=0.22983000000001921 0.40791333333333651 0.1690610222040394 -0.41418283460563993 0.0017143734353699709 -0.00036737609504142215 0.3038933333333414 -1.0899506369889058 -0.0009845194450336795 -0.00025693767881124202 -0.084125557854066182 0.10759004184711786 -0.0017351752997167198 -0.15673969249479971 -0.022099699196360231 0.77039986625264856 -0.0013092695499256673 0.0006127850662672248 0.43676708219041044 0.037387078307432112 0.65594143316237741 -0.010048213760434263 -0.00020670247072994687 0.042948120270921215 -0.11108416271633813 0.3497466666666697 0.32939333333332954 0.0004957293597338023 0.12940666666667086 0.00011655620246987004
decision_type=2 2 2 2 2 2 2 2 2 2 2 2 2 2 2 2 2 2 2 2 2 2 2 2 2 2 2 2 2 2
left_child=10 4 3 5 6 -3 7 -2 17 -10 -1 12 -9 20 -15 -16 22 -8 -11 26 -14 -22 -12 24 -20 -25 -6 28 29 -18
right_child=1 2 -4 -5 19 -7 8 11 9 18 16 -13 13 14 15 -17 27 -19 23 -21 21 -23 -24 25 -26 -27 -28 -29 -30 -31
leaf_value=1.39889663404784e-05 5.0887808565847702e-05 0.0001085000982566271 1.60879266936068e-05 0.0001731216922553358 -3.7719288849149131e-05 2.5965978584281404e-05 -6.3437780151313449e-06 -1.4131960420477397e-05 7.9621334387803812e-05 8.374590378192998e-06 -2.8212287364691627e-05 -1.0404845812328143e-05 1.2295797172367298e-05 -8.4725821245139601e-06 1.016688167276174e-05 4.9830382961676831e-05 -1.5539523262083783e-05 3.0962234086473471e-05 2.870108742444843e-05 1.0825992358149961e-05 1.7271894317774341e-05 6.8671404651094269e-05 4.2416435235281824e-06 9.4329263579072042e-06 7.8067648142418232e-05 4.6398577678576672e-05 -9.3939168241377047e-06 -2.7662904078869667e-05 -2.5031789393345461e-05 2.2205578696395442e-05
leaf_weight=52 53 50 140 80 74 60 78 94 51 76 55 132 58 163 99 76 185 76 73 50 54 73 128 76 56 73 50 905 902 55
leaf_count=52 53 50 140 80 74 60 78 94 51 76 55 132 58 163 99 76 185 76 73 50 54 73 128 76 56 73 50 905 902 55
internal_value=-4.79851e-07 2.55005e-05 6.99546e-05 0.000109646 1.59436e-05 6.34815e-05 1.99802e-05 1.25519e-05 3.06376e-05 3.76991e-05 -2.17127e-05 9.83926e-06 1.41703e-05 1.92571e-05 1.00964e-05 2.73922e-05 -2.25452e-05 1.2067e-05 3.16594e-05 -1.563e-05 3.59938e-05 4.68165e-05 -5.51227e-06 3.80251e-05 5.01315e-05 2.75436e-05 -2.62978e-05 -2.4068e-05 -2.12191e-05 -6.8896e-06
internal_weight=4147 1865 330 190 1535 110 1361 802 559 405 2282 749 617 523 338 175 2230 154 354 174 185 127 183 278 129 149 124 2047 1142 240
internal_count=4147 1865 330 190 1535 110 1361 802 559 405 2282 749 617 523 338 175 2230 154 354 174 185 127 183 278 129 149 124 2047 1142 240
is_linear=0
shrinkage=0.05


Tree=5
num_leaves=31
num_cat=0
split_feature=7 18 7 18 18 12 18 14 3 18 3 7 3 1 13 5 3 2 3 3 18 7 18 3 18 1 18 18 6 13
split_gain=0.000813123 0.000349937 0.000964871 9.09456e-05 6.02065e-05 5.0411e-05 6.10507e-05 5.31591e-05 4.42168e-05 3.35814e-05 2.75658e-05 2.11337e-05 2.03156e-05 2.03111e-05 2.15772e-05 1.59424e-05 1.56933e-05 1.50401e-05 3.95696e-05 2.40545e-05 2.34792e-05 1.48675e-05 3.20924e-05 1.93595e-05 3.28687e-05 1.74464e-05 1.43323e-05 1.42543e-05 1.41605e-05 1.39407e-05
threshold=0.22366666666666032 269.50000000000006 0.37909333333332146 164.50000000000003 132.50000000000003 0.073708324359476121 130.50000000000003 -5.2103807007061795e-05 -0.0017894753938287324 60.500000000000007 -9.1377260893491248e-05 0.29330666666665295 -0.0017894753938287324 -0.00031012760615373164 0.005862982316332528 -0.57259376155991226 0.0011272135334403999 -1.0000000180025095e-35 -0.00042577510893359623 0.00015235183863227545 70.500000000000014 0.14024000000000195 289.50000000000006 0.00038734302399708525 241.50000000000003 7.9249245650503411e-05 70.500000000000014 86.500000000000014 0.27566000000001628 0.0054704804928607858
decision_type=2 2 2 2 2 2 2 2 2 2 2 2 2 2 2 2 2 2 2 2 2 2 2 2 2 2 2 2 2 2
left_child=4 3 -3 5 16 6 8 -8 -2 10 -7 -5 -6 14 26 -12 27 20 28 -20 -15 22 23 24 -14 -26 -10 -1 -19 -22
right_child=1 2 -4 11 12 9 7 -9 13 -11 15 -13 21 17 -16 -17 -18 18 19 -21 29 -23 -24 -25 25 -27 -28 -29 -30 -31
leaf_value=1.542493478583945e-05 -5.2430886500230503e-06 -1.640685327337976e-05 0.00026552775003815528 -1.9758020553371772e-05 6.1436922411337705e-06 -1.8690857426661704e-06 2.9901346350976931e-05 0.00010177250838751206 3.8129306077340252e-05 -4.0353698583901011e-06 5.5600398778360136e-05 7.0689587765516869e-06 -2.1651213896497089e-05 2.0145762835683281e-05 6.0615780481251624e-05 2.2344988645978003e-05 1.9962789405039268e-05 -2.5730175609893752e-05 5.090616657710327e-05 1.368551483849279e-05 3.1416988269484137e-05 -2.8345729931216738e-05 -3.4523743632573401e-05 -2.5048361436882114e-05 4.545093685302926e-07 3.706188480674218e-05 8.4450538534755743e-06 -1.4875814312572716e-05 1.0436780194595486e-05 6.8570703086722878e-05
leaf_weight=53 112 71 53 167 53 78 53 50 156 249 57 131 119 183 82 98 76 59 74 105 50 1269 215 148 87 52 55 145 50 51
leaf_count=53 112 71 53 167 53 78 53 50 156 249 57 131 119 183 82 98 76 59 74 105 50 1269 215 148 87 52 55 145 50 51
internal_value=-4.83744e-07 2.27695e-05 0.000104097 1.73476e-05 -2.12931e-05 2.21768e-05 2.81775e-05 6.47903e-05 2.43176e-05 8.73119e-06 2.23744e-05 -7.96495e-06 -2.43873e-05 2.81452e-05 3.88503e-05 3.45744e-05 6.48542e-07 2.26616e-05 1.46104e-05 2.90728e-05 3.08262e-05 -2.52435e-05 -1.89042e-05 -1.06327e-05 -2.36331e-06 1.41494e-05 3.03917e-05 -6.76501e-06 -9.13983e-06 5.01778e-05
internal_weight=4201 1984 124 1860 2217 1562 1080 103 977 482 233 298 1943 865 293 155 274 572 288 179 284 1890 621 406 258 139 211 198 109 101
internal_count=4201 1984 124 1860 2217 1562 1080 103 977 482 233 298 1943 865 293 155 274 572 288 179 284 1890 621 406 258 139 211 198 109 101
is_linear=0
shrinkage=0.05


Tree=6
num_leaves=31
num_cat=0
split_feature=7 18 7 18 18 12 3 18 18 3 3 18 7 7 18 3 18 1 7 2 18 10 4 7 10 12 3 18 5 14
split_gain=0.000734407 0.000346308 0.000830424 8.26749e-05 5.73741e-05 4.05903e-05 5.30707e-05 3.97091e-05 2.79053e-05 2.79413e-05 2.05193e-05 2.88485e-05 2.03294e-05 1.70934e-05 2.94841e-05 1.8112e-05 2.12317e-05 2.06019e-05 1.51604e-05 2.75199e-05 2.31816e-05 3.19032e-05 3.3916e-05 2.37638e-05 2.02364e-05 1.69547e-05 1.42513e-05 1.84384e-05 1.39518e-05 1.27554e-05
threshold=0.22983000000001921 269.50000000000006 0.38629333333333687 164.50000000000003 134.50000000000003 0.073708324359476121 -0.0017894753938287324 128.50000000000003 58.500000000000007 -9.1377260893491248e-05 -0.0011107445135298949 226.50000000000003 0.29330666666665295 0.14024000000000195 290.50000000000006 0.00050672904880477558 241.50000000000003 -1.2331147725697099e-05 0.27148000000000444 -1.0000000180025095e-35 56.500000000000007 46.664259143159448 0.76057492777301128 0.30573666666667049 27.9252908047884 -0.13776833849794615 0.0012440230415903617 88.500000000000014 -0.57259376155991226 -0.00044520412309635471
decision_type=2 2 2 2 2 2 2 2 2 2 2 2 2 2 2 2 2 2 2 2 2 2 2 2 2 2 2 2 2 2
left_child=4 3 -3 5 26 6 29 18 9 -7 11 -6 -5 14 15 16 -12 -18 19 25 24 23 -23 -22 -20 -8 27 -1 -11 -2
right_child=1 2 -4 12 10 8 7 -9 -10 28 13 -13 -14 -15 -16 -17 17 -19 20 -21 21 22 -24 -25 -26 -27 -28 -29 -30 -31
leaf_value=1.3111181191942347e-05 1.2742565058943002e-05 -9.2973659474516942e-06 0.00025760584908044517 -2.0120010791597332e-05 7.9801432929116344e-06 -1.7756314526615407e-06 4.2707656836853404e-05 6.1316181992091529e-05 -2.3135888594235606e-06 5.6408445802577158e-05 -1.8663562498279106e-05 -2.9962340428493577e-05 6.7155105525480461e-06 -2.8191293771714286e-05 -3.329863842277651e-05 -2.5485291558749736e-05 -9.2752735023774842e-06 2.6727243873468935e-05 4.687405563526522e-05 -8.7352015713169179e-06 8.9364114232012067e-05 7.4117423980901442e-06 5.816268259050875e-05 4.1736785322593117e-05 1.7485252074257202e-05 1.0155070610077627e-05 1.8873620236361704e-05 -1.5032877747987389e-05 2.3740329121400275e-05 -2.1583096202764372e-05
leaf_weight=86 50 68 51 153 120 78 90 97 243 51 122 86 131 1133 206 131 78 81 74 73 50 82 55 55 281 72 74 180 91 59
leaf_count=86 50 68 51 153 120 78 90 97 243 51 122 86 131 1133 206 131 78 81 74 73 50 82 55 55 281 72 74 180 91 59
internal_value=-4.59557e-07 2.25024e-05 0.00010509 1.69966e-05 -1.94929e-05 2.16773e-05 2.71686e-05 3.10413e-05 9.36609e-06 2.22668e-05 -2.27867e-05 -7.85992e-06 -7.74165e-06 -2.45427e-05 -1.78537e-05 -1.01313e-05 -2.97338e-06 9.06563e-06 2.75116e-05 1.6754e-05 3.17462e-05 4.36795e-05 2.77862e-05 6.44165e-05 2.36114e-05 2.82398e-05 -5.34437e-07 -5.93367e-06 3.54732e-05 -5.83738e-06
internal_weight=4201 1904 119 1785 2297 1501 1038 929 463 220 1957 206 284 1751 618 412 281 159 832 235 597 242 137 105 355 162 340 266 142 109
internal_count=4201 1904 119 1785 2297 1501 1038 929 463 220 1957 206 284 1751 618 412 281 159 832 235 597 242 137 105 355 162 340 266 142 109
is_linear=0
shrinkage=0.05


Tree=7
num_leaves=31
num_cat=0
split_feature=7 7 11 11 3 10 3 3 6 15 0 5 2 7 3 12 11 12 7 2 3 10 12 1 7 5 12 8 7 12
split_gain=0.000663319 0.000244706 0.000174443 0.000227738 7.51295e-05 3.97358e-05 3.88178e-05 3.2626e-05 3.11262e-05 2.66247e-05 2.00831e-05 1.96799e-05 1.88049e-05 1.87232e-05 2.90535e-05 2.87131e-05 3.43591e-05 3.80384e-05 2.9683e-05 4.59178e-05 1.84952e-05 1.95913e-05 1.59015e-05 1.3144e-05 1.22923e-05 1.05159e-05 1.02111e-05 7.73534e-06 6.74096e-06 6.2336e-06
threshold=0.22366666666666032 0.41172000000000258 0.24726344608097864 -0.39688373569765639 0.0010647760557644115 64.596489426708885 -0.0017639952760662061 -0.00038731699763758606 0.22305000000001204 -9.8883459513532377e-05 -0.00033824440115809423 -0.97427633503247701 0.00080622685217424117 0.32763333333333555 -0.00078430592047536868 0.06682472682405094 0.0040755138522285969 -0.16099451917328483 0.2865033333333335 -0.00076632716292712722 -0.0014344638264495602 42.120523416471706 -0.12419136401095594 -1.347398986983883e-05 0.2923133333333226 -0.89309705787694071 0.25361842352732861 0.00026381776566561686 0.56897666666667435 -0.28742199816104969
decision_type=2 2 2 2 2 2 2 2 2 2 2 2 2 2 2 2 2 2 2 2 2 2 2 2 2 2 2 2 2 2
left_child=20 4 3 7 5 6 29 -3 9 -8 -10 -12 25 15 -15 16 17 18 19 -13 21 -1 -16 -11 -14 -6 -22 -19 -4 -2
right_child=1 2 28 -5 12 -7 8 -9 10 23 11 13 24 14 22 -17 -18 27 -20 -21 26 -23 -24 -25 -26 -27 -28 -29 -30 -31
leaf_value=-1.5858326815559457e-05 -1.5026602110327674e-05 7.6222567804506988e-05 6.623591014397755e-06 0.00015553602329591626 2.8057522740709828e-06 -1.5544431512970744e-05 3.5295192668515894e-05 2.284949151398498e-05 4.8791466560373927e-05 -2.3433680493445411e-05 4.975714103126586e-05 1.638421672032564e-05 -7.6683197897403496e-06 7.7986527896322577e-06 2.9272697461040122e-05 -8.7516965086303408e-06 5.6075234805086013e-05 5.8141428049804455e-06 1.0912256647583016e-05 8.4146856908773774e-05 -2.1124719196823894e-05 2.2230607178158299e-05 6.1844816008122102e-05 8.7380998420052316e-06 2.1559923052336675e-05 -2.2998788663577084e-05 -2.3321977265974664e-06 -1.8008093196840491e-05 2.982904578206502e-05 5.9587108808045745e-06
leaf_weight=93 67 50 81 79 52 81 51 67 100 64 73 50 74 69 69 88 65 107 92 50 1996 53 82 63 70 164 75 50 51 75
leaf_count=93 67 50 81 79 52 81 51 67 100 64 73 50 74 69 69 88 65 107 92 50 1996 53 82 63 70 164 75 50 51 75
internal_value=-4.36579e-07 2.05657e-05 6.00219e-05 8.99459e-05 1.27507e-05 1.83637e-05 2.06243e-05 4.56585e-05 2.38754e-05 4.77977e-06 2.76732e-05 2.50169e-05 -7.45601e-06 2.25154e-05 3.46782e-05 1.71851e-05 2.26983e-05 1.64819e-05 3.14088e-05 5.02655e-05 -1.92316e-05 -2.03152e-06 4.69609e-05 -7.47445e-06 6.53985e-06 -1.67866e-05 -2.04442e-05 -1.77256e-06 1.55893e-05 -3.94281e-06
internal_weight=4201 1984 328 196 1656 1296 1215 117 1073 178 895 795 360 722 220 502 414 349 192 100 2217 146 151 127 144 216 2071 157 132 142
internal_count=4201 1984 328 196 1656 1296 1215 117 1073 178 895 795 360 722 220 502 414 349 192 100 2217 146 151 127 144 216 2071 157 132 142
is_linear=0
shrinkage=0.05


Tree=8
num_leaves=31
num_cat=0
split_feature=7 7 12 11 3 10 13 3 3 8 12 6 13 2 12 3 10 4 13 17 11 12 13 10 3 3 11 7 2 7
split_gain=0.000598645 0.000220847 0.000157968 0.000227505 6.78043e-05 3.58615e-05 3.57044e-05 3.50331e-05 2.94449e-05 2.90306e-05 2.77611e-05 2.77484e-05 2.58398e-05 2.65175e-05 2.52885e-05 1.66919e-05 1.76812e-05 1.50758e-05 1.45888e-05 2.7634e-05 2.69376e-05 1.43239e-05 1.37328e-05 1.7653e-05 9.71642e-06 9.60273e-06 9.22481e-06 8.67631e-06 8.32073e-06 7.02752e-06
threshold=0.22366666666666032 0.41172000000000258 0.1690610222040394 -0.39688373569765639 0.0010647760557644115 64.596489426708885 0.092340887841043481 -0.0017639952760662061 -0.00038731699763758606 0.00031963084801886374 -0.17215621119352423 0.22899000000001027 0.080915326489417419 -0.00052804242374032684 -0.063914532256661785 -0.0014344638264495602 42.120523416471706 0.48388293340882099 -0.029731428336841025 0.00053446956189604335 0.047742045829750175 -0.017553651090970564 -0.063369531650344785 44.952820863450704 0.0016425043033786539 0.0023773105185667122 0.089120303658830849 0.33362666666665369 -0.0014183687915377827 0.13932333333333799
decision_type=2 2 2 2 2 2 2 2 2 2 2 2 2 2 2 2 2 2 2 2 2 2 2 2 2 2 2 2 2 2
left_child=15 4 3 8 5 7 24 -2 -3 10 12 17 13 28 27 16 -1 -12 -13 20 -20 -19 23 -17 26 -26 -6 -11 -9 -24
right_child=1 2 -4 -5 6 -7 -8 9 -10 14 11 18 -14 -15 -16 22 -18 21 19 -21 -22 -23 29 -25 25 -27 -28 -29 -30 -31
leaf_value=-1.5065410434055927e-05 -3.7456695675335679e-06 7.2411440312862406e-05 1.6305735565927528e-05 0.00015585876776827244 -1.8430979502930067e-05 -1.4767210048959875e-05 2.8126687845997369e-05 4.1524391592247416e-05 2.1707017393091942e-05 3.4867302142821488e-05 -2.6799781658660831e-05 6.5596240834419548e-06 3.113242239497335e-07 5.9110211821155683e-05 5.7801804688301206e-05 -2.1929925660165634e-05 2.1119077240106186e-05 -1.3410717467734316e-05 5.694796617292567e-05 6.1789650647948624e-06 1.2964238343978912e-05 2.2085321199180425e-05 -1.5841993609806746e-05 1.9679591991007331e-05 -3.3188126134304229e-05 -9.9614328044052045e-06 9.2008700231594087e-06 7.6768756080127781e-06 1.6458472260424337e-05 -2.2328542891738892e-05
leaf_weight=93 142 50 138 73 55 81 60 50 67 71 54 143 56 92 98 52 53 54 92 99 56 60 601 50 89 89 67 50 98 1368
leaf_count=93 142 50 138 73 55 81 60 50 67 71 54 143 56 92 98 52 53 54 92 99 56 60 601 50 89 89 67 50 98 1368
internal_value=-4.1475e-07 1.95374e-05 5.70208e-05 8.65928e-05 1.21132e-05 1.74455e-05 -7.08321e-06 1.9593e-05 4.33756e-05 2.26817e-05 1.85169e-05 1.19511e-05 3.08943e-05 3.80304e-05 3.89224e-05 -1.827e-05 -1.92995e-06 -5.03719e-06 1.92691e-05 2.66272e-05 4.03055e-05 5.27141e-06 -1.9422e-05 -1.5331e-06 -1.41252e-05 -2.15748e-05 -3.25611e-06 2.36316e-05 2.49267e-05 -2.03486e-05
internal_weight=4201 1984 328 190 1656 1296 360 1215 117 1073 854 558 296 240 219 2217 146 168 390 247 148 114 2071 102 300 178 122 121 148 1969
internal_count=4201 1984 328 190 1656 1296 360 1215 117 1073 854 558 296 240 219 2217 146 168 390 247 148 114 2071 102 300 178 122 121 148 1969
is_linear=0
shrinkage=0.05


Tree=9
num_leaves=31
num_cat=0
split_feature=6 6 3 3 6 1 13 3 11 11 11 11 2 13 8 11 12 10 11 3 13 4 10 2 5 11 3 3 12 12
split_gain=0.000509979 0.000181415 8.64331e-05 8.1395e-05 4.19353e-05 7.35078e-05 2.70318e-05 2.66087e-05 3.78974e-05 2.48591e-05 1.91559e-05 1.8623e-05 1.82973e-05 1.81757e-05 4.51548e-05 1.78746e-05 1.76635e-05 1.53975e-05 1.48878e-05 1.45935e-05 1.28248e-05 1.19671e-05 1.11748e-05 1.04813e-05 9.56007e-06 1.80048e-05 8.69082e-06 7.994e-06 1.44097e-05 1.38905e-05
threshold=0.22305000000001204 0.51748999999999812 -0.00059328936725767999 0.0010445861912460807 0.40588000000000196 3.2672616772644332e-05 0.11158824102633631 -0.0016177513495283791 0.056946617649145999 0.007798633931201949 0.21487125811455601 -0.088356793190371249 0.00010427461462303446 0.0024907763574526201 0.00021706526990920207 -0.022099699196360231 0.060367942662287954 59.566143180710206 0.046021574980954945 -0.0015701288004339603 -0.061884962626360444 0.93597382782109972 47.160606530691275 -0.00035656273622736151 -0.27160120678261707 -0.22191880875328704 0.00025997837317126717 0.00042253227605923161 0.093337553939307233 0.082159378659955498
decision_type=2 2 2 2 2 2 2 2 2 2 2 2 2 2 2 2 2 2 2 2 2 2 2 2 2 2 2 2 2 2
left_child=19 3 -3 4 7 -6 18 -2 9 11 17 12 13 24 -15 -13 -4 -10 -5 21 22 -1 -21 -16 -9 -26 -12 28 -22 -29
right_child=1 2 16 6 5 -7 -8 8 10 -11 26 15 -14 14 23 -17 -18 -19 -20 20 27 -23 -24 -25 25 -27 -28 29 -30 -31
leaf_value=1.3544986645746115e-05 -1.2684367941045525e-06 0.00012297422523575873 6.4301594799568804e-05 -2.7729377017829315e-05 8.5628673025439647e-05 1.2220325553331251e-05 2.5494821099322683e-05 3.3239090001512961e-05 5.039461379396926e-06 5.1464906383361351e-05 4.0052536198398975e-06 -5.9626467967919074e-06 5.8928473525248838e-06 7.9431328138828886e-05 4.0319658153513898e-05 3.0067943645752333e-05 2.3473129609695979e-05 -2.6882687130206539e-05 -4.3001602860461125e-06 -1.4915981320554552e-05 -1.2700173152720429e-05 -1.6735624784182698e-05 1.6970082579064184e-05 1.0477655733406469e-05 3.0720358446443673e-05 -9.5349631509652336e-06 3.0686758129592677e-05 -2.7077784176525715e-05 -2.7612651402262435e-05 -1.4722509062728216e-05
leaf_weight=73 166 52 54 91 64 73 62 108 112 88 51 92 79 60 62 55 52 57 266 61 957 59 50 56 61 51 76 502 195 416
leaf_count=73 166 52 54 91 64 73 62 108 112 88 51 92 79 60 62 55 52 57 266 61 957 59 50 56 61 51 76 502 195 416
internal_value=-3.94013e-07 1.88882e-05 7.01744e-05 1.42042e-05 2.03355e-05 4.65133e-05 -4.9798e-06 1.72807e-05 2.03354e-05 2.65864e-05 5.29922e-06 2.30779e-05 2.78731e-05 3.2236e-05 4.41149e-05 7.51819e-06 4.42725e-05 -5.72718e-06 -1.02723e-05 -1.61332e-05 -1.71103e-05 1.04709e-08 -5.52889e-07 2.61574e-05 2.26249e-05 1.23898e-05 1.99721e-05 -1.79981e-05 -1.52244e-05 -2.14789e-05
internal_weight=4201 1888 158 1730 1311 137 419 1174 1008 712 296 624 477 398 178 147 106 169 357 2313 2181 132 111 118 220 112 127 2070 1152 918
internal_count=4201 1888 158 1730 1311 137 419 1174 1008 712 296 624 477 398 178 147 106 169 357 2313 2181 132 111 118 220 112 127 2070 1152 918
is_linear=0
shrinkage=0.05


Tree=10
num_leaves=31
num_cat=0
split_feature=7 6 7 3 3 16 10 12 14 10 12 3 14 14 6 3 5 6 3 5 12 17 3 17 14 4 12 16 16 5
split_gain=0.000585523 0.000135919 0.000103975 5.82754e-05 6.05675e-05 0.000100609 4.73931e-05 4.01998e-05 3.95681e-05 0.000108331 3.3243e-05 4.3695e-05 2.44655e-05 2.24336e-05 1.87307e-05 1.99871e-05 2.26378e-05 1.87105e-05 1.46602e-05 1.15969e-05 1.15786e-05 1.07489e-05 1.02889e-05 9.40126e-06 1.36411e-05 1.77924e-05 4.10118e-05 7.51434e-06 7.0514e-06 1.07661e-05
threshold=0.3038933333333414 0.66222000000001346 0.22474000000000846 0.0007535929892496957 -0.00059328936725767999 0.00077296975176278525 49.608287060225329 -0.13491149559047055 6.6632140354153669e-05 47.841812279016395 -0.15673969249479971 -0.0017639952760662061 0.00018803795705839548 -0.00027847541701245899 0.2220000000000141 0.0020695800127667899 -0.85897962092186597 0.31486999999998494 -0.0017894753938287324 -0.26657886739582715 0.25361842352732861 0.00023711353988186109 0.0023053037445633817 0.00064063058384221383 -9.2209720107440567e-05 0.73721684036863089 0.070891650802392805 0.00055982658397486166 2.6421999566245699e-05 0.33662362090844017
decision_type=2 2 2 2 2 2 2 2 2 2 2 2 2 2 2 2 2 2 2 2 2 2 2 2 2 2 2 2 2 2
left_child=2 3 18 4 6 8 7 19 9 -6 11 -4 -5 -13 21 16 -16 -10 -1 27 28 -12 -14 24 -18 -26 -27 -2 29 -20
right_child=1 -3 10 12 5 -7 -8 -9 17 -11 14 13 22 -15 15 -17 23 -19 20 -21 -22 -23 -24 -25 25 26 -28 -29 -30 -31
leaf_value=6.7297890683114346e-06 1.3877383684302914e-05 9.8935495318712777e-05 -1.5190903246847587e-05 -8.0216654800929288e-06 2.2627374898812985e-05 0.00010254221091403256 -2.0508287647756116e-05 6.6089336723962336e-05 3.9605190679917905e-05 0.00011168395696654872 -2.7823340541985583e-05 1.4746678016940173e-05 3.3582199464673204e-05 4.6363816145837222e-05 3.7507092708313166e-05 -2.3918690636417213e-05 -1.1205559842589234e-05 3.5133396905469758e-07 -1.4936710839926798e-05 1.9265804954717596e-06 3.0142752198308945e-06 -4.0329053977026189e-06 7.6221540231980577e-06 -1.0945794723310803e-05 -3.3712995658453069e-06 5.8201745620560053e-05 -3.1404526014904894e-06 4.0122654404134065e-05 -1.8531395166954717e-05 1.1258595184699517e-05
leaf_weight=68 50 74 79 118 96 74 58 58 51 53 97 135 87 96 51 63 75 75 182 68 71 93 68 102 84 54 55 60 1876 50
leaf_count=68 50 74 79 118 96 74 58 58 51 53 97 135 87 96 51 63 75 75 182 68 71 93 68 102 84 54 55 60 1876 50
internal_value=1.11673e-07 3.37539e-05 -1.01965e-05 2.84882e-05 3.67057e-05 5.07903e-05 1.99862e-05 2.99382e-05 3.68643e-05 5.43052e-05 3.35752e-06 1.69085e-05 9.13334e-06 2.78863e-05 -2.87515e-06 2.34727e-06 6.2778e-06 1.62398e-05 -1.61321e-05 1.81586e-05 -1.68455e-05 -1.61785e-05 2.21933e-05 1.97322e-06 6.89016e-06 1.39222e-05 2.72493e-05 2.8193e-05 -1.75144e-05 -9.29117e-06
internal_weight=4221 990 3231 916 643 349 294 236 275 149 984 310 273 231 674 484 421 126 2247 178 2179 190 155 370 268 193 109 110 2108 232
internal_count=4221 990 3231 916 643 349 294 236 275 149 984 310 273 231 674 484 421 126 2247 178 2179 190 155 370 268 193 109 110 2108 232
is_linear=0
shrinkage=0.05


end of trees

feature_importances:
vwap_dev=63
minutes_into_session=57
atr_15=50
macd_signal=34
macd=26
macd_hist=14
vol_z=13
rsi_14=13
atr_5=12
ema_9_21_spread=9
ret_15=8
rv_5=8
rvol=7
ret_5=5
high_dist_5=4
low_dist_5=3
ret_1=2
ema_slope=2

parameters:
[boosting: gbdt]
[objective: regression]
[metric: l1]
[tree_learner: serial]
[device_type: cpu]
[data_sample_strategy: bagging]
[data: ]
[valid: ]
[num_iterations: 1000]
[learning_rate: 0.05]
[num_leaves: 31]
[num_threads: 0]
[seed: 42]
[deterministic: 0]
[force_col_wise: 0]
[force_row_wise: 0]
[histogram_pool_size: -1]
[max_depth: -1]
[min_data_in_leaf: 50]
[min_sum_hessian_in_leaf: 0.001]
[bagging_fraction: 0.8]
[pos_bagging_fraction: 1]
[neg_bagging_fraction: 1]
[bagging_freq: 5]
[bagging_seed: 400]
[bagging_by_query: 0]
[feature_fraction: 0.8]
[feature_fraction_bynode: 1]
[feature_fraction_seed: 30056]
[extra_trees: 0]
[extra_seed: 12879]
[early_stopping_round: 0]
[early_stopping_min_delta: 0]
[first_metric_only: 0]
[max_delta_step: 0]
[lambda_l1: 0]
[lambda_l2: 0]
[linear_lambda: 0]
[min_gain_to_split: 0]
[drop_rate: 0.1]
[max_drop: 50]
[skip_drop: 0.5]
[xgboost_dart_mode: 0]
[uniform_drop: 0]
[drop_seed: 17869]
[top_rate: 0.2]
[other_rate: 0.1]
[min_data_per_group: 100]
[max_cat_threshold: 32]
[cat_l2: 10]
[cat_smooth: 10]
[max_cat_to_onehot: 4]
[top_k: 20]
[monotone_constraints: ]
[monotone_constraints_method: basic]
[monotone_penalty: 0]
[feature_contri: ]
[forcedsplits_filename: ]
[refit_decay_rate: 0.9]
[cegb_tradeoff: 1]
[cegb_penalty_split: 0]
[cegb_penalty_feature_lazy: ]
[cegb_penalty_feature_coupled: ]
[path_smooth: 0]
[interaction_constraints: ]
[verbosity: -1]
[saved_feature_importance_type: 0]
[use_quantized_grad: 0]
[num_grad_quant_bins: 4]
[quant_train_renew_leaf: 0]
[stochastic_rounding: 1]
[linear_tree: 0]
[max_bin: 255]
[max_bin_by_feature: ]
[min_data_in_bin: 3]
[bin_construct_sample_cnt: 200000]
[data_random_seed: 175]
[is_enable_sparse: 1]
[enable_bundle: 1]
[use_missing: 1]
[zero_as_missing: 0]
[feature_pre_filter: 1]
[pre_partition: 0]
[two_round: 0]
[header: 0]
[label_column: ]
[weight_column: ]
[group_column: ]
[ignore_column: ]
[categorical_feature: ]
[forcedbins_filename: ]
[precise_float_parser: 0]
[parser_config_file: ]
[objective_seed: 16083]
[num_class: 1]
[is_unbalance: 0]
[scale_pos_weight: 1]
[sigmoid: 1]
[boost_from_average: 1]
[reg_sqrt: 0]
[alpha: 0.9]
[fair_c: 1]
[poisson_max_delta_step: 0.7]
[tweedie_variance_power: 1.5]
[lambdarank_truncation_level: 30]
[lambdarank_norm: 1]
[label_gain: ]
[lambdarank_position_bias_regularization: 0]
[eval_at: ]
[multi_error_top_k: 1]
[auc_mu_weights: ]
[num_machines: 1]
[local_listen_port: 12400]
[time_out: 120]
[machine_list_filename: ]
[machines: ]
[gpu_platform_id: -1]
[gpu_device_id: -1]
[gpu_device_id_list: ]
[gpu_use_dp: 0]
[num_gpu: 1]

end of parameters

pandas_categorical:[]
