tree
version=v4
num_class=1
num_tree_per_iteration=1
label_index=0
max_feature_idx=18
objective=binary sigmoid:1
feature_names=ret_1 ret_5 ret_15 vwap_dev rvol vol_z atr_5 atr_15 rv_5 rv_annual rsi_14 macd macd_signal macd_hist ema_9_21_spread ema_slope high_dist_5 low_dist_5 minutes_into_session
feature_infos=[-0.0071251447601725637:0.011742552330939793] [-0.007644570001111739:0.011709011828356264] [-0.0081440037648042862:0.013348386239872667] [-0.0038678426660923465:0.0047156855866774079] [0.036248798504258141:17.945451486310635] [-1.9722504011467004:4.2478540379954257] [0.0731600000000526:2.3019999999999983] [0.080466666666681397:1.072500000000006] [0:0.0055011713624140935] [0:1.724597480958274] [0:92.983301736848844] [-1.7188560229465111:2.4427261337295931] [-1.4851367549054428:2.117907710654789] [-0.68441028655174008:0.95728289964975222] [-0.002429223892706969:0.0034904451891622831] [-0.003595651756277185:0.005488001688644939] [0:0.0078418451400330096] [0:0.011979815191034929] [0:269]
tree_sizes=3388 3423 3450 3414 3459 3420 3426 3455 3449 3440 3456 3447 3450 3455 3447

Tree=0
num_leaves=31
num_cat=0
split_feature=18 12 7 7 12 7 12 18 6 13 18 6 18 7 8 18 7 18 11 12 7 12 12 18 13 13 8 18 13 2
split_gain=294.341 67.2224 50.2388 49.3014 104.158 64.2238 43.112 38.9931 34.982 30.5674 21.003 23.531 19.8605 19.4609 17.8962 17.6908 17.1576 16.1516 21.5058 16.2295 12.8915 11.2812 27.4977 28.758 11.0916 9.47276 8.89811 7.81614 7.53226 6.92431
threshold=39.500000000000007 0.48283794448365663 0.45415999999998652 0.25471000000000005 -0.038416747890068451 0.14057999999999618 0.029708113071960696 28.500000000000004 0.36715999999997856 0.010137469716330694 74.500000000000014 0.30399999999998506 209.50000000000003 0.20601666666666463 8.9468327518320507e-05 215.50000000000003 0.26791666666665231 152.50000000000003 -0.15783286858794551 0.093012014788047298 0.15265000000000181 -0.0043233425744532107 0.13007967081655128 113.50000000000001 -0.057962451944993894 -0.022960177692344871 0.0003736846285389604 99.500000000000014 -0.014507843653407444 -0.00033002796690179132
decision_type=2 2 2 2 2 2 2 2 2 2 2 2 2 2 2 2 2 2 2 2 2 2 2 2 2 2 2 2 2 2
left_child=1 2 7 5 16 6 14 -1 -3 -9 11 -6 24 20 -2 -8 -5 18 -15 -19 28 -20 23 -23 -12 -26 -18 -27 -7 -22
right_child=3 8 -4 4 10 13 15 9 -10 -11 12 -13 -14 17 -16 -17 26 19 21 -21 29 22 -24 -25 25 27 -28 -29 -30 -31
leaf_value=-0.79617992963329554 -0.92362786378472406 -1.0030870551144986 -0.92226196559448692 -0.93070253249324986 -0.82706357172872424 -0.93511841349524927 -0.91350137720193214 -0.93439588400026696 -0.88071321011868586 -0.81616150617354488 -0.97752106160906371 -0.92155709066635039 -0.86205030251549886 -0.89339857775041742 -0.84410165433910045 -0.99596373385154879 -0.99679649541050919 -1.0157082417817387 -0.99088657466949992 -0.94077490710328215 -1.0096045531475817 -0.85850435007089332 -0.9975460463337591 -0.96326809999531882 -0.88384313524797042 -0.90432896627810333 -0.94620757386747023 -0.94833514533423358 -0.97914919719782123 -0.98751959774260323
leaf_weight=40.085944503545761 12.489088237285616 11.884777516126634 17.122137099504471 14.704894214868544 15.107768028974535 15.510641843080519 10.273282259702684 11.683340609073641 11.481903702020643 10.273282259702681 10.474719166755674 11.683340609073637 12.690525144338606 13.899146586656569 16.316389471292496 17.726447820663452 63.452625721693039 22.359496682882309 22.158059775829315 10.676156073808668 49.150605320930481 12.086214423179628 16.51782637834549 14.302020400762556 12.8919620513916 15.712078750133513 10.071845352649687 28.201166987419128 25.985361009836197 127.71099907159805
leaf_count=199 62 59 85 73 75 77 51 58 57 51 52 58 63 69 81 88 315 111 110 53 244 60 82 71 64 78 50 140 129 634
internal_value=-0.946552 -0.868436 -0.846441 -0.96031 -0.939807 -0.970637 -0.921527 -0.825516 -0.942955 -0.879075 -0.906587 -0.868271 -0.919423 -0.979081 -0.878582 -0.965708 -0.980006 -0.962136 -0.949855 -0.991492 -0.987772 -0.961915 -0.946953 -0.915285 -0.930244 -0.921527 -0.989867 -0.93259 -0.962691 -0.993657
internal_weight=684.684 102.531 79.1647 582.153 194.991 387.162 56.8052 62.0426 23.3667 21.9566 106.762 26.7911 79.9705 330.357 28.8055 27.9997 88.2294 111.999 78.9633 33.0357 218.358 65.0641 42.9061 26.3882 67.2799 56.8052 73.5245 43.9132 41.496 176.862
internal_count=3399 509 393 2890 968 1922 282 308 116 109 530 133 397 1640 143 139 438 556 392 164 1084 323 213 131 334 282 365 218 206 878
is_linear=0
shrinkage=1


Tree=1
num_leaves=31
num_cat=0
split_feature=18 3 3 7 3 7 11 18 7 18 18 3 2 10 3 6 8 3 7 10 3 4 7 12 3 3 7 18 3 6
split_gain=260.782 71.716 58.7512 115.34 124.624 54.1456 52.0841 43.0341 39.3733 36.5975 32.9758 27.1649 24.6654 23.8829 23.3561 33.0649 22.7333 21.7392 21.086 19.6745 17.5341 17.3371 12.7415 11.1669 11.7807 16.0893 17.1502 24.8174 30.9267 9.77971
threshold=45.500000000000007 -0.0010723078817678276 -0.00030523420730324405 0.24126666666667995 0.00033781095985629082 0.14985666666666478 0.42317629084436709 95.500000000000014 0.4929333333333375 127.50000000000001 28.500000000000004 0.00045688103968336225 0.00057868958463525033 57.343431303979379 0.0018917962124113186 0.30787000000001402 0.00022239357290422467 0.0011272135334403999 0.35085666666665255 62.371666242562959 -0.00024134591565373875 0.63809882052725997 0.13329666666667209 0.10180106485963177 -0.00099649693947878224 -0.0020991460010837608 0.28938000000000563 71.500000000000014 -0.0016541510623343887 0.15901000000002344
decision_type=2 2 2 2 2 2 2 2 2 2 2 2 2 2 2 2 2 2 2 2 2 2 2 2 2 2 2 2 2 2
left_child=1 18 22 4 5 13 8 12 10 -7 -3 -9 -5 -4 21 -16 -8 19 -1 -6 -12 -13 -2 24 25 -24 27 -27 -29 -11
right_child=2 6 3 7 17 9 16 11 -10 29 20 14 -14 -15 15 -17 -18 -19 -20 -21 -22 -23 23 -25 -26 26 -28 28 -30 -31
leaf_value=0.038314496242591145 0.015627580510617502 0.15069061557116836 0.11494105393120682 0.12648311859039937 -0.038687725580521158 0.063731126338095509 -0.038732890868955434 -0.044360216502566302 0.022733498702188579 -0.0033297377901528378 0.030875353736917927 0.11561537735765159 0.043264139011239044 0.021450759213579314 -0.061532347598667242 0.043073360723697288 0.062038306935613532 -0.063021137785271936 -0.057858551998064459 0.037371504696552524 0.11251256232143597 0.037070347039233356 -0.066788056664234721 0.012446909203952319 -0.052260807397882525 0.065651851809780684 -0.058976458940213208 0.033020190399987395 -0.044100409384449007 -0.062398541529508494
leaf_weight=10.542943313717844 12.249701648950575 36.974724516272545 19.701523542404178 17.999810680747032 39.990939423441887 13.124600201845167 9.9389979541301745 13.916145801544188 12.417071506381033 12.254584923386576 11.403032451868059 10.524883076548578 17.620054751634598 10.45688536763191 12.335583999753 19.490147948265076 12.810013815760611 95.260890752077103 12.405770018696783 10.798157289624212 15.541954115033148 21.130591422319412 21.954447492957115 10.947817772626875 95.652671173214912 10.011753916740416 20.752997234463692 19.120834782719605 40.607577979564674 16.364836379885674
leaf_count=51 60 173 96 87 202 65 50 69 61 62 56 52 86 52 61 96 62 480 61 54 75 105 110 54 480 50 105 96 205 83
internal_value=-0.000283999 0.0659705 -0.0146639 -0.00115253 -0.0224074 0.0314777 0.0844169 0.0398372 0.104206 -0.00540199 0.120033 0.0189064 0.0853172 0.082525 0.0327755 0.00252842 0.0180116 -0.0489357 -0.0136754 -0.0225169 0.077964 0.0631852 -0.0339976 -0.0367727 -0.0393621 -0.0283899 -0.0190742 -0.00720026 -0.0194118 -0.0371058
internal_weight=684.302 122.035 562.267 330.97 217.952 71.9024 99.0858 113.017 76.3368 41.744 63.9197 77.3974 35.6199 30.1584 63.4812 31.8257 22.749 146.05 22.9487 50.7891 26.945 31.6555 231.298 219.048 208.1 112.448 90.4932 69.7402 59.7284 28.6194
internal_count=3399 589 2810 1650 1094 358 477 556 365 210 304 383 173 148 314 157 112 736 112 256 131 157 1160 1100 1046 566 456 351 301 145
is_linear=0
shrinkage=0.05


Tree=2
num_leaves=31
num_cat=0
split_feature=18 3 3 3 6 10 6 3 3 6 13 18 14 17 6 10 17 12 18 18 11 3 18 8 1 15 3 16 18 3
split_gain=230.847 61.435 54.1666 98.4101 70.9751 51.0417 47.856 45.8125 41.3261 40.6111 30.6401 29.9909 36.2513 28.4884 22.9976 18.5997 18.5308 16.5853 16.4807 15.8987 25.5416 16.2098 12.3444 11.0657 11.8673 10.1446 9.87882 10.7207 8.82415 7.73011
threshold=45.500000000000007 -0.00047694047655338976 -0.00030523420730324405 0.0018917962124113186 0.30787000000001402 64.361938626101264 0.22396999999998571 0.00022815721659738723 0.00071441909853582131 0.27679000000000548 -0.07398330091499207 139.50000000000003 0.00025226518665056588 0.00052758438838979634 0.14900000000001232 57.343431303979379 0.00069643374341350013 0.003132159631237729 99.500000000000014 147.50000000000003 0.10274744550025618 0.00076239868790954472 26.500000000000004 0.00025339260363374381 -0.00028592446064501503 -0.00015962659876767035 -0.00099649693947878224 0.00030132094497935106 223.50000000000003 -0.00066350628668397117
decision_type=2 2 2 2 2 2 2 2 2 2 2 2 2 2 2 2 2 2 2 2 2 2 2 2 2 2 2 2 2 2
left_child=1 9 23 6 -5 10 7 14 13 -1 -3 12 -10 18 15 28 -7 -16 -8 -9 21 -21 -11 24 25 -2 27 -26 -4 -28
right_child=2 5 3 4 -6 16 8 19 11 22 -12 -13 -14 -15 17 -17 -18 -19 -20 20 -22 -23 -24 -25 26 -27 29 -29 -30 -31
leaf_value=0.090087675259311828 -0.022975112998451837 0.052333234477267489 0.055227111254074104 -0.062337148282424419 0.041661480119355547 -0.027184832207286382 0.088524129899985315 -0.057260394390952145 0.15408678181533358 0.018957451943554068 0.13085702676516364 0.0097393040681340425 0.039758524214355627 -0.022143049537404716 -0.05318196372540434 0.0071353393194281498 0.0647929926120102 0.028326338872271574 0.0072509292739177658 0.00094909385835281626 0.057386141886897869 -0.062776569911276184 -0.046774166671108085 -0.054422841705953753 -0.0068316005309402563 0.026962649202929963 -0.063606276343442902 -0.055331005152907113 0.11893685715151639 -0.03180195238532349
leaf_weight=11.687634065747259 27.491957515478134 17.224042221903801 10.999138131737711 82.575968056917191 20.472952395677567 10.636352151632311 14.286508604884149 27.199035689234734 17.881494328379635 12.052831739187242 44.568827271461487 10.082784280180929 11.324756801128386 25.04435271024704 10.10267022252083 11.089104548096655 11.287149012088774 16.327949419617653 11.071634590625761 21.610428363084793 11.043143227696417 18.54054220020771 17.532920852303505 47.100512892007828 44.6139215528965 16.14084030687809 35.087312445044518 15.302652195096014 10.743934094905851 41.944165498018265
leaf_count=55 140 81 52 427 99 53 67 139 84 57 203 50 55 123 52 55 53 81 55 110 55 95 87 241 227 81 181 78 51 212
internal_value=-0.000318867 0.0611012 -0.0140748 -0.00114374 -0.0416755 0.0857146 0.0172279 -0.00128908 0.0456473 0.0111771 0.108969 0.0840885 0.109756 0.0156822 0.031886 0.0598323 0.0201693 -0.00282887 0.0530394 -0.0263684 -0.00995579 -0.0284776 -0.019996 -0.0328395 -0.02721 -0.00450191 -0.034445 -0.0192183 0.0867081 -0.0462886
internal_weight=683.068 124.99 558.078 330.396 103.049 83.7164 227.347 137.656 89.6915 41.2734 61.7929 39.289 29.2063 50.4025 59.2628 32.8322 21.9235 26.4306 25.3581 78.3931 51.1941 40.151 29.5858 227.681 180.581 43.6328 136.948 59.9166 21.7431 77.0315
internal_count=3399 589 2810 1650 526 390 1124 690 434 199 284 189 139 245 291 158 106 133 122 399 260 205 144 1160 919 221 698 305 103 393
is_linear=0
shrinkage=0.05


Tree=3
num_leaves=31
num_cat=0
split_feature=18 3 3 7 3 7 11 18 18 7 13 18 6 3 3 7 10 10 3 7 3 3 7 7 3 3 6 18 13 7
split_gain=205.198 53.932 49.8844 94.4561 106.412 43.1885 37.7019 32.4518 32.3903 32.2082 25.0087 23.6734 20.7226 20.0962 18.9968 18.6296 17.4447 17.253 14.1243 30.2263 13.8007 13.7217 11.8641 11.5554 8.91099 17.4262 36.209 18.8334 9.33537 9.07441
threshold=45.500000000000007 -0.0010723078817678276 -0.00030523420730324405 0.24126666666667995 0.00033781095985629082 0.14985666666666478 0.36292261412245358 99.500000000000014 127.50000000000001 0.4929333333333375 0.046099423263757579 28.500000000000004 0.33581999999998974 0.0011272135334403999 0.00045688103968336225 0.35085666666665255 57.343431303979379 62.371666242562959 0.0014876060436286953 0.34588000000000352 -0.00024134591565373875 0.00055915175014877017 0.13329666666667209 0.29100333333333694 -0.0021817657837445259 -0.0014286314217326279 0.18200000000000502 119.50000000000001 0.0209707549965094 0.26566666666666766
decision_type=2 2 2 2 2 2 2 2 2 2 2 2 2 2 2 2 2 2 2 2 2 2 2 2 2 2 2 2 2 2
left_child=1 15 22 4 5 16 9 10 -7 11 21 -3 -8 17 -9 -1 -4 -6 23 -20 -13 -5 -2 -16 -24 26 -26 29 -28 -27
right_child=2 6 3 7 13 8 12 14 -10 -11 -12 20 -14 -15 18 -17 -18 -19 19 -21 -22 -23 24 -25 25 27 28 -29 -30 -31
leaf_value=0.034757210389490208 0.016255948545651901 0.12764010039264362 0.098001884815177076 0.058297431394572156 -0.036686666989472434 0.057929731725135658 -0.038277220557182773 -0.043047755755505838 -0.036142073309153665 0.016517255617338546 0.022164514334225796 0.02616777679047777 0.055312604098641818 -0.060586336228394738 0.078341412662233101 -0.055909922564651188 0.01944448593767887 0.034188698583550198 -0.053557708032544837 0.042693598160951043 0.097390030839242081 0.13205896917763146 -0.067269520484714865 0.012055620541141397 0.06239642265915734 0.0026922340274376294 -0.011695808004923669 -0.055668788344334377 -0.067642896065779265 -0.03496050690733659
leaf_weight=10.763039335608484 12.191431686282156 39.210030570626259 21.154149934649471 10.945684984326364 38.830033555626869 13.547398313879965 9.8458395302295703 11.798503786325453 28.19203132390976 12.968865931034086 16.629769712686539 11.753431975841524 14.813366398215292 90.000480353832245 16.995263814926151 11.962523654103277 10.612074941396711 11.024259194731711 13.487891495227812 20.636076033115387 16.14388670027256 14.871312558650969 18.861410409212112 10.72330494225025 14.094640552997587 26.765949428081512 18.478381887078289 81.48154528439045 12.500060424208639 39.789027407765388
leaf_count=51 60 169 96 50 202 65 50 60 145 61 80 56 69 480 81 61 52 54 69 99 72 66 99 51 71 137 94 427 65 207
internal_value=-0.000343936 0.0568532 -0.0135128 -0.00113227 -0.0208805 0.027826 0.0720033 0.0351634 -0.00560912 0.0886505 0.0699838 0.102591 0.0179444 -0.0464799 0.0150929 -0.0129691 0.0717584 -0.021014 0.0261852 0.00464916 0.0673834 0.100786 -0.0317082 0.0526979 -0.0344668 -0.0312629 -0.00404243 -0.0395508 -0.0342709 -0.019818
internal_weight=681.072 127.461 553.611 329.448 213.36 73.5057 104.735 116.088 41.7394 80.0762 42.4468 67.1073 24.6592 139.855 73.641 22.7256 31.7662 49.8543 61.8425 34.124 27.8973 25.817 224.162 27.7186 211.971 193.11 45.0731 148.037 30.9784 66.555
internal_count=3399 589 2810 1650 1094 358 477 556 210 358 196 297 119 736 360 112 148 256 300 168 128 116 1160 132 1100 1001 230 771 159 344
is_linear=0
shrinkage=0.05


Tree=4
num_leaves=31
num_cat=0
split_feature=7 3 3 7 3 3 7 3 3 11 11 7 10 3 3 7 11 6 3 3 3 16 3 8 7 3 12 11 14 14
split_gain=125.841 189.418 58.7596 62.9249 34.5407 33.4784 29.3266 34.5858 25.6549 28.7103 23.8935 23.2313 22.2665 48.0442 21.8782 20.7687 19.6493 17.9841 17.1568 13.6134 18.1006 12.9234 9.03699 10.314 8.76083 8.49848 8.46797 8.11174 8.07993 15.7295
threshold=0.25471000000000005 -0.00040018382529257373 0.0011272135334403999 0.14841666666666245 -0.00032918676198193884 0.0018917962124113186 0.20127333333332445 -0.0016541510623343887 0.00071441909853582131 0.016190565254817105 -0.15783286858794551 0.40615333333333486 35.822874695807428 -0.0016170644626092542 -0.00052077115092749073 0.50203095238095319 -0.019125238997105495 0.11575000000000274 -0.0015438113615057153 0.0001445019525849957 0.0006152257774944273 0.00055645083661987527 -0.00035783633905409062 8.2146048855044978e-05 0.22457999999999556 -0.0012180889082741492 0.12842562984896733 -0.15332565653864091 0.00029067337369832774 -1.1853229185566736e-05
decision_type=2 2 2 2 2 2 2 2 2 2 2 2 2 2 2 2 2 2 2 2 2 2 2 2 2 2 2 2 2 2
left_child=2 12 3 4 16 8 7 -5 9 15 18 -7 13 -2 -12 27 -1 -6 -8 -16 -21 -11 -9 -24 -4 -15 -14 -3 29 -10
right_child=1 5 24 6 17 11 10 22 28 21 14 -13 26 25 19 -17 -18 -19 -20 20 -22 -23 23 -25 -26 -27 -28 -29 -30 -31
leaf_value=0.031008978435494577 -0.067208816787766815 0.11192454457391239 -0.059639972027697177 0.047943505053543188 0.015422710910374041 -0.023135852860127704 -0.0031635225288102337 -0.061190658870528492 0.058988589921213308 0.0027283884776866862 -0.042656476248508345 0.066653105808169341 -0.050435471330278481 0.013906551063469684 0.039971733023768052 0.014511543411455052 -0.063520662654496282 0.086708446668000053 0.085618929219381412 -0.057700141486755986 0.032549270342064805 0.058274490394683548 0.01271515344126318 -0.04118489519875751 -0.011660948125601624 0.073698358830117147 -0.0050529742725987734 0.066792041857801701 0.066414157973756563 0.13037299883014605
leaf_weight=11.49811300635338 14.76547849178314 22.81449036300182 81.697411358356476 11.067841306328772 13.082006022334097 20.411333009600643 9.8740983009338397 47.920405849814415 11.461298525333403 30.873113542795181 34.90376128256321 11.133224472403525 61.88408325612545 10.634002953767775 20.592608153820038 10.913912460207937 10.533460319042204 27.333667278289795 12.121790796518324 12.129016578197481 10.25153002142906 15.846241503953932 10.508744254708288 57.105486631393433 10.768518611788748 13.471610575914385 12.326145380735396 17.663970991969112 18.778449937701225 23.621709212660789
leaf_count=58 78 98 449 55 62 102 50 258 52 145 185 52 326 52 99 51 54 126 59 60 51 73 54 299 57 63 61 82 86 102
internal_value=-0.000364267 0.0240627 -0.0193607 -0.00825806 0.0361789 0.0554282 -0.0205109 -0.0364915 0.0651578 0.0499365 -0.000253298 0.00855394 -0.0268399 0.0038164 -0.0132506 0.0757251 -0.0141864 0.0636342 0.0457639 0.0106335 -0.0163609 0.0215685 -0.0445801 -0.0328076 -0.0540524 0.0473217 -0.0428975 0.0922296 0.0928841 0.107052
internal_weight=677.988 296.599 381.388 288.923 62.4472 183.518 226.475 126.602 151.973 98.1117 99.8728 31.5446 113.081 38.8711 77.8769 51.3924 22.0316 40.4157 21.9959 42.9732 22.3805 46.7194 115.535 67.6142 92.4659 24.1056 74.2102 40.4785 53.8615 35.083
internal_count=3399 1423 1976 1470 300 843 1170 666 689 449 504 154 580 193 395 231 112 188 109 210 111 218 611 353 506 115 387 180 240 154
is_linear=0
shrinkage=0.05


Tree=5
num_leaves=31
num_cat=0
split_feature=18 3 7 11 3 7 3 7 18 18 18 11 7 12 3 6 7 18 2 7 18 3 11 18 7 3 6 6 12 12
split_gain=188.751 39.8498 47.7094 37.8504 35.3564 70.8498 90.7465 56.0876 28.7077 28.1819 24.8355 47.9889 20.6469 20.5109 55.3275 19.6324 17.9689 26.3586 16.1443 14.5676 13.7059 12.6789 9.99787 11.8606 15.9191 43.816 15.8886 13.2883 8.81804 7.80363
threshold=50.500000000000007 -0.0011271325890184146 0.30571999999999289 0.36292261412245358 -0.00040018382529257373 0.24126666666667995 0.00062767141970954934 0.15409000000000411 99.500000000000014 119.50000000000001 193.50000000000003 0.037567741502414272 0.11815666666666404 0.14642045634247078 0.00057188062709689349 0.32100000000001505 0.4929333333333375 32.500000000000007 0.0008454874315715345 0.13542000000000298 154.50000000000003 0.00055915175014877017 0.11066680653880213 191.50000000000003 0.24199999999998836 -0.0013130417003039171 0.2095700000000193 0.18963000000001104 0.014529990677180863 0.028421476028074547
decision_type=2 2 2 2 2 2 2 2 2 2 2 2 2 2 2 2 2 2 2 2 2 2 2 2 2 2 2 2 2 2
left_child=1 2 -1 16 19 6 7 12 18 -9 13 -12 -6 14 -10 -5 17 -3 21 -2 -15 -7 23 24 25 27 -27 -21 -19 -11
right_child=4 3 -4 15 5 8 -8 9 10 29 11 -13 -14 20 -16 -17 -18 28 -20 22 -22 -23 -24 -25 -26 26 -28 -29 -30 -31
leaf_value=0.076632438961170835 0.027272662586584263 0.10952104958082845 -0.060920050748443977 -0.047105939946909627 -0.0065545077491724031 0.050898868268732057 -0.053544354851426869 0.040811190122648555 -0.056451072354650828 -0.059785644652493634 -0.022823917490417497 0.11138558918863527 0.073479228905214938 -0.069649445005209643 0.086497088559933044 0.044987565887596996 0.021129036795755896 0.074281366556347747 0.020456759340853611 0.069829985294483726 0.0029730204258451927 0.12073041102347232 0.01606213972177532 -0.064544595565152227 -0.046716960883546675 -0.06264191878018463 0.00088417297399593839 0.00074461190696101546 0.017820361523735936 -0.018654957127376866
leaf_weight=10.675046086311342 10.30027563869953 49.698147535324097 15.394924774765967 9.58996230363846 10.590280592441557 13.879543215036394 109.1271408945322 14.64159746468067 12.679721519351007 22.607303276658058 12.630371212959291 14.092018723487852 33.706752747297287 16.734759837388996 14.520882964134215 14.593238919973372 11.667250871658323 15.331211715936663 16.532425045967102 13.997297644615175 10.619824230670927 12.22561354935169 9.5631903409957868 31.022314295172691 75.998458415269852 32.967334613204002 14.032470017671583 13.845356822013853 12.597768679261206 23.539518043398857
leaf_count=50 51 207 81 50 50 63 608 70 65 122 62 66 155 84 66 66 54 70 77 70 50 51 50 169 410 182 75 72 56 123
internal_value=-0.000686097 0.0511496 -0.00459551 0.0639563 -0.0140852 -0.00420174 -0.0216093 0.011554 0.0258908 -0.0196284 0.00846002 0.0479513 0.0543452 -0.0108837 0.019861 0.00846745 0.078984 0.0876796 0.0591182 -0.0306514 -0.0414553 0.0836025 -0.0337682 -0.0363885 -0.0305978 -0.0142297 -0.0436753 0.0354758 0.0488138 -0.0388049
internal_weight=679.402 139.548 26.07 113.478 539.854 338.128 214.213 105.085 123.915 60.7884 81.2776 26.7224 44.297 54.5552 27.2006 24.1832 89.2944 77.6271 42.6376 201.727 27.3546 26.1052 191.426 181.863 150.841 74.8425 46.9998 27.8427 27.929 46.1468
internal_count=3425 634 131 503 2791 1712 1128 520 584 315 393 128 205 265 131 116 387 333 191 1079 134 114 1028 978 809 399 257 142 126 245
is_linear=0
shrinkage=0.05


Tree=6
num_leaves=31
num_cat=0
split_feature=18 3 7 10 3 3 7 7 7 12 3 18 3 12 12 7 14 12 7 3 10 18 7 7 18 12 3 7 18 3
split_gain=169.611 35.1048 43.0826 33.8669 32.6379 65.6628 58.4747 38.1261 70.9621 30.835 29.8132 27.5389 27.0382 24.5468 23.5062 21.3029 18.7983 19.2726 15.8953 15.9316 56.3309 14.3151 13.4222 10.563 9.46075 8.75706 13.3702 18.1406 20.4927 15.6558
threshold=50.500000000000007 -0.0011271325890184146 0.30571999999999289 64.361938626101264 -0.00040018382529257373 0.0018917962124113186 0.33901000000000753 0.21176333333332123 0.15063999999999853 -0.038416747890068451 0.0027386023796439353 132.50000000000003 0.00071441909853582131 0.19461329670939811 0.049293668817719731 0.41053000000000567 4.197882506202678e-05 0.083175568549233483 0.4929333333333375 -0.00032918676198193884 40.217961536108341 105.50000000000001 0.13542000000000298 0.27699666666665818 151.50000000000003 0.08000502116133186 -0.0010624683667179362 0.24199999999998836 191.50000000000003 -0.0013130417003039171
decision_type=2 2 2 2 2 2 2 2 2 2 2 2 2 2 2 2 2 2 2 2 2 2 2 2 2 2 2 2 2 2
left_child=1 2 -1 18 22 7 -7 8 16 24 -8 12 14 -14 -11 -5 -6 -18 19 20 -3 -16 -2 -21 -9 26 27 28 29 -24
right_child=4 3 -4 15 5 6 10 9 -10 11 -12 -13 13 -15 21 -17 17 -19 -20 23 -22 -23 25 -25 -26 -27 -28 -29 -30 -31
leaf_value=0.070807592921376381 0.025600254967842753 0.11274928231492543 -0.05969703149870316 -0.035131538980474379 0.073463134350135059 -0.060999554839960925 -0.026524831313300225 0.010584619911314434 -0.036406335120733983 0.054802496746202814 0.084947471432842384 0.10404260186802668 0.11449763830529586 0.022963578402507269 0.0073204002800989435 0.058380525922532289 -0.028490382882635962 0.058124931373593182 0.019915250780332419 0.05584032911314725 -0.037525583644977045 -0.068915604973251263 0.034595838086697493 0.10976435657187189 -0.055013755922265511 0.0073793469286282248 -0.050492609309053652 -0.045689368541453584 -0.066126627476169181 -0.034998693991467156
leaf_weight=10.967545613646509 10.421281322836874 14.908104807138445 14.936471700668333 13.241671070456507 22.417890504002571 73.009925961494446 12.047597944736482 11.486185967922212 82.235227406024933 15.115156918764113 11.945328399538992 16.283566638827324 14.556868299841883 14.741667464375494 15.0306413769722 11.27721147239208 14.112892314791681 11.785518348217009 11.757034763693808 11.640157297253607 10.720565646886824 10.430862322449682 27.87760862708091 41.316505089402199 10.540101721882818 12.710388854146002 81.044264286756516 45.116928413510323 9.8844305872917158 11.37968915700913
leaf_count=50 51 64 81 64 99 422 57 55 449 70 55 76 61 69 68 52 70 55 54 50 50 53 140 169 53 67 454 250 54 63
internal_value=-0.000690791 0.0481361 -0.00444246 0.0599938 -0.0135576 -0.00405601 -0.0387453 0.0100389 -0.00815038 0.0319886 0.0289737 0.0454854 0.0318393 0.0684419 0.00541024 0.00787839 0.0399418 0.0109254 0.0741379 0.0822501 0.0498888 -0.0239113 -0.0296338 0.0979116 -0.0208058 -0.0326953 -0.0356009 -0.022797 -0.00177953 0.0144222
internal_weight=674.939 140.765 25.904 114.861 534.174 335.739 97.0029 238.737 130.552 108.185 23.9929 86.1588 69.8752 29.2985 40.5767 24.5189 48.3163 25.8984 90.3424 78.5853 25.6287 25.4615 198.435 52.9567 22.0263 188.013 175.303 94.2587 49.1417 39.2573
internal_count=3425 634 131 503 2791 1712 534 1178 673 505 112 397 321 130 191 116 224 125 387 333 114 121 1079 219 108 1028 961 507 257 203
is_linear=0
shrinkage=0.05


Tree=7
num_leaves=31
num_cat=0
split_feature=7 3 3 7 3 10 3 7 3 3 11 3 11 3 7 10 12 3 17 7 12 6 8 15 12 6 12 12 6 3
split_gain=109.808 112.325 54.0943 51.534 41.5772 37.9646 50.7477 27.5899 27.2379 26.1075 19.9285 19.6855 30.0615 16.5762 14.3239 13.478 18.8295 13.1969 12.9667 12.596 12.2285 11.2727 11.116 9.84318 8.50987 8.47996 8.37937 5.83995 5.42661 7.32432
threshold=0.22016999999999223 -0.00051402866549734466 0.00062767141970954934 0.14841666666666245 0.0018917962124113186 35.822874695807428 -0.0016882004594673823 0.33901000000000753 -0.00029243637409553664 0.0027386023796439353 -0.036815089423669171 0.00071441909853582131 -0.15332565653864091 -0.0016170644626092542 0.20127333333332445 46.860562741936157 0.22396428727702561 -0.00022148397206893576 0.00045948648754483382 0.26305333333333469 -0.0033511742228221945 0.23199000000000755 0.00010802025125945312 -0.00019816697927577118 0.056622552305926402 0.35845000000000488 0.058791334473268064 -0.0033511742228221945 0.22396999999998571 -0.00017894100159988898
decision_type=2 2 2 2 2 2 2 2 2 2 2 2 2 2 2 2 2 2 2 2 2 2 2 2 2 2 2 2 2 2
left_child=2 5 3 8 11 6 -2 -6 10 -9 -1 12 23 -5 17 -13 -17 -15 28 -8 -19 -7 -10 -3 -22 26 -20 -16 -14 -30
right_child=1 4 -4 13 7 21 19 9 22 -11 -12 15 18 14 27 16 -18 20 25 -21 24 -23 -24 -25 -26 -27 -28 -29 29 -31
leaf_value=0.045058642231809505 -0.053981247764932822 0.041516065819992204 -0.054730236374026568 0.021000422198018891 -0.054298682369419982 -0.0049682771626276719 0.087457857579663109 -0.025469395563557574 0.032783498779990254 0.078383893974956098 -0.045759089788420748 0.01782848813864725 0.0084478499350900075 -0.058110787889923333 -0.02201875681087909 0.10036835591131202 0.040810802181457245 -0.057842542765466534 0.0088176810185855818 0.025191958783703467 0.038664041143845584 -0.046589805793597568 0.089721344865256292 0.092357327107691789 -0.021629910646281853 0.027002697108266471 -0.047143876866351915 0.032140292197006919 0.013406979957510995 0.062507214688390628
leaf_weight=9.9860711991786975 16.752801895141602 15.844384387135504 96.501606479287148 15.951870262622831 18.150569424033165 20.970273077487946 14.650780960917471 11.922741591930391 19.062005504965782 12.288869902491568 15.288309141993521 10.92778033018112 11.53976960480213 52.80610391497612 10.008059829473497 36.04814600944519 21.003479197621346 13.526977777481077 14.547746419906618 18.226878419518471 9.4262149930000323 72.546831145882607 15.577012002468107 23.851145207881927 15.434425771236418 18.572598785161972 12.382924303412436 9.9023024588823301 10.836999490857123 25.390176236629486
leaf_count=50 93 70 568 80 103 113 67 57 85 55 79 50 55 303 54 152 95 76 70 89 50 404 67 100 82 83 61 51 51 112
internal_value=-0.000691973 0.0166452 -0.0243277 -0.00863588 0.0373215 -0.0184982 0.0168477 -0.00769478 0.0295909 0.0272425 -0.00987642 0.0468116 0.0356218 -0.0266618 -0.0335049 0.0686986 0.0784423 -0.0418936 0.0201121 0.0529386 -0.0195851 -0.0372566 0.0583882 0.0720641 0.00123128 0.00101111 -0.0169139 0.00491693 0.0383078 0.0478194
internal_weight=669.926 386.455 283.471 186.969 243.307 143.148 49.6305 42.3622 59.9134 24.2116 25.2744 200.945 132.966 127.056 111.104 67.9794 57.0516 91.1937 93.2702 32.8777 38.3876 93.5171 34.639 39.6955 24.8606 45.5033 26.9307 19.9104 47.7669 36.2272
internal_count=3425 1880 1545 977 1114 766 249 215 281 112 129 899 602 696 616 297 247 511 432 156 208 517 152 170 132 214 131 105 218 163
is_linear=0
shrinkage=0.05


Tree=8
num_leaves=31
num_cat=0
split_feature=7 3 3 7 3 10 3 3 7 3 12 3 11 10 12 17 3 7 7 3 12 6 16 15 13 6 12 13 8 4
split_gain=100.168 100.892 51.236 47.5089 36.8821 34.9544 45.7674 27.5741 25.4355 22.9885 17.4174 17.2411 26.7079 11.8261 16.5722 11.5022 11.2625 14.8822 11.0412 10.6926 11.4208 10.6793 9.66588 8.79123 8.62515 7.63776 7.74583 7.26216 6.78416 6.35554
threshold=0.22016999999999223 -0.00051402866549734466 0.00062767141970954934 0.15265000000000181 0.0018917962124113186 35.822874695807428 -0.0016882004594673823 -0.00026872808851875811 0.33901000000000753 0.0027386023796439353 -0.011933363587848972 0.00071441909853582131 -0.15332565653864091 46.860562741936157 0.22396428727702561 0.00045948648754483382 -0.0016170644626092542 0.20127333333332445 0.27033333333332626 -0.00022148397206893576 0.015833600267759464 0.23199000000000755 0.00019586208698414294 -0.00019816697927577118 -0.052763484354149688 0.35845000000000488 0.058791334473268064 0.014791079842020148 0.00010802025125945312 0.61794723369118132
decision_type=2 2 2 2 2 2 2 2 2 2 2 2 2 2 2 2 2 2 2 2 2 2 2 2 2 2 2 2 2 2
left_child=2 5 3 7 11 6 -2 10 -6 -10 -1 12 23 -13 -15 24 -5 19 -8 -18 -21 29 -22 -3 -14 26 -17 -26 -9 -7
right_child=1 4 -4 16 8 21 18 28 9 -11 -12 13 15 14 -16 25 17 -19 -20 20 22 -23 -24 -25 27 -27 -28 -29 -30 -31
leaf_value=0.02431837252399819 -0.052807922326472884 0.039040426888185958 -0.053689314266635091 0.012155292799205034 -0.053170986996458891 -0.032318480123558917 0.076305028614437442 0.034109944013778502 -0.024452489269549772 0.072702030822599087 -0.049071540742208562 0.016845223723374891 0.0059082759001560176 0.093813604742974357 0.038307681426445701 0.0083487044838252422 -0.059452486533801689 0.0046540499864791305 0.018720116143045692 -0.05727745729403181 0.038171747365165903 -0.045395260340406744 -0.030535801917986011 0.086850568928580757 0.071586016624086438 0.025448998480915565 -0.045705165468332309 0.023762567572266163 0.076992841539427245 0.022801854954081078
leaf_weight=17.658513069152832 16.280823066830635 16.002409264445305 93.52966970205307 15.20820966362953 17.622223556041718 10.449186787009241 17.82496166229248 20.146499961614609 11.800811365246775 12.578874677419661 14.911011353135107 10.985817939043043 15.944765776395796 36.622407734394073 21.250472739338875 14.595436722040178 45.809059172868729 19.945222645998001 15.617310941219328 14.139302492141722 9.4804470837116259 70.778385758399963 11.126420840620993 24.088538989424706 18.305179998278618 18.717299893498421 12.140309646725653 14.016760259866713 17.009913340210915 10.469260737299917
leaf_count=92 93 70 568 76 103 58 80 90 57 55 77 50 71 152 95 70 272 105 76 82 50 404 60 100 82 83 61 65 73 55
internal_value=-0.0006889 0.0158054 -0.0235173 -0.00829916 0.0352374 -0.017814 0.015943 0.0243031 -0.00740539 0.0256751 -0.00928107 0.0440749 0.0336134 0.0644043 0.0734323 0.0190034 -0.0279453 -0.0340135 0.0494133 -0.0435874 -0.0226711 -0.0361189 0.00107396 0.067767 0.0360015 0.000952954 -0.0161964 0.0508469 0.0537414 -0.00473187
internal_weight=665.056 386.091 278.964 185.435 244.671 141.42 49.7231 69.7259 42.0019 24.3797 32.5695 202.669 133.811 68.8587 57.8729 93.7198 115.709 100.5 33.4423 80.5552 34.7462 91.6968 20.6069 40.0909 48.2667 45.453 26.7357 32.3219 37.1564 20.9184
internal_count=3425 1880 1545 977 1114 766 249 332 215 112 169 899 602 297 247 432 645 569 156 464 192 517 110 170 218 214 131 147 163 113
is_linear=0
shrinkage=0.05


Tree=9
num_leaves=31
num_cat=0
split_feature=6 3 3 3 10 3 6 3 6 3 12 3 12 6 4 12 11 8 10 12 6 6 1 3 11 3 3 12 4 6
split_gain=75.8434 91.2003 47.2365 29.5569 26.7524 41.1798 20.16 19.9742 17.3889 22.7166 14.6194 13.9263 17.0855 15.7861 13.296 12.1682 23.0914 15.4182 13.2451 11.7634 8.27003 8.24524 7.82922 11.7926 7.79561 7.75059 7.62854 13.4049 13.0066 11.2655
threshold=0.21809000000000653 -0.00049577962706396468 0.00088972005627264831 0.0018917962124113186 35.822874695807428 -0.0016882004594673823 0.30787000000001402 0.0027386023796439353 0.14999999999996591 -0.00026872808851875811 -0.2889103672482855 0.00071441909853582131 0.0053360474522418551 0.24525000000001004 0.37987459095597959 0.056622552305926402 0.17345465310438615 0.0001891753628345914 61.871849539222985 -0.011933363587848972 0.27679000000000548 0.25999999999997958 0.00021986407382434961 6.5546823608606878e-05 -0.59359682476770093 -0.00080587686850357718 -0.0014084515513677388 0.003132159631237729 0.40051418324086702 0.18963000000001104
decision_type=2 2 2 2 2 2 2 2 2 2 2 2 2 2 2 2 2 2 2 2 2 2 2 2 2 2 2 2 2 2
left_child=2 4 8 10 5 -2 -5 -8 9 19 24 14 -13 -14 -12 17 -17 -16 -18 25 -7 -6 23 -11 -3 -1 29 -28 -29 -10
right_child=1 3 -4 6 21 20 7 -9 26 22 11 12 13 -15 15 16 18 -19 -20 -21 -22 -23 -24 -25 -26 -27 27 28 -30 -31
leaf_value=-0.021577256546844295 -0.052720201464680198 0.043035108442040781 -0.052040318699302479 -0.048637115402407123 -0.013398048502760308 0.06983483123644911 -0.025938969648028217 0.065115768324258555 0.038860262386373599 0.05303174027970501 0.074929366578906864 -0.0026496306206852107 0.011400673099307802 0.079754403154379122 0.070838990514089012 -0.052945926645759589 0.060682766035271875 0.01324593674088753 -0.011919795190731931 -0.051673470648077195 0.018447427798555842 -0.048023471674395787 0.068764207320183818 -0.0042564998518142645 0.095561883068211201 0.038399583145407631 -0.041773492700004994 0.045282064347537759 -0.018292788197609551 -0.030618211823094845
leaf_weight=12.160002604126928 16.943432301282883 12.010660916566851 80.754980802536011 16.303541541099548 25.112115293741226 15.599827304482462 11.146000385284426 13.103617861866949 12.769264832139017 16.40824182331562 11.407343342900274 11.012229874730108 10.597311168909071 41.622801437973976 18.139801725745201 14.644939333200453 13.155327036976816 32.335483029484749 12.02320286631584 15.779998317360876 15.718617662787436 54.520829305052757 11.663111850619314 19.85036788880825 17.14954000711441 9.670058950781824 54.383456960320473 9.8861290961503965 43.201988935470581 10.742682337760924
leaf_count=67 99 52 503 98 143 69 54 57 63 73 51 51 51 176 81 71 56 150 56 85 76 319 54 99 69 50 314 50 231 57
internal_value=-0.000683872 0.0146662 -0.0194046 0.0331802 -0.0193019 0.0100725 -0.00564249 0.0232637 -0.0072323 0.0103027 0.0412915 0.0355217 0.0539477 0.065883 0.024066 0.0176405 -0.0030234 0.0339437 0.0260137 -0.0187838 0.0440437 -0.0371044 0.0331305 0.0216684 0.0739269 0.00499067 -0.0186826 -0.0243265 -0.00645381 0.00711533
internal_weight=659.817 362.547 297.27 234.652 127.895 48.2619 40.5532 24.2496 216.515 85.5318 194.099 164.938 63.2323 52.2201 101.706 90.2988 39.8235 50.4753 25.1785 37.6101 31.3184 79.6329 47.9217 36.2586 29.1602 21.8301 130.984 107.472 53.0881 23.5119
internal_count=3425 1779 1646 1073 706 244 209 111 1143 428 864 743 278 227 465 414 183 231 112 202 145 462 226 172 121 117 715 595 281 120
is_linear=0
shrinkage=0.05


Tree=10
num_leaves=31
num_cat=0
split_feature=7 3 7 12 7 10 3 3 3 7 10 7 3 3 3 6 12 3 17 7 3 3 3 15 8 3 14 14 7 15
split_gain=65.4788 87.0503 44.1812 29.53 25.813 25.2517 30.8211 23.0963 18.296 16.8169 15.9627 13.7651 17.4177 11.5447 14.8888 11.5382 11.4251 13.1834 13.9166 10.5325 11.8237 11.295 9.35951 9.01772 8.61118 8.53932 8.07957 7.50695 6.93309 6.64149
threshold=0.21819000000000796 -0.00049577962706396468 0.1343300000000113 -0.0062840142923125024 0.26905000000002705 37.945244069703087 -0.0016882004594673823 0.0020306113440625275 0.0011272135334403999 0.26163666666667124 57.471141314695252 0.14841666666666245 -0.00029243637409553664 0.00027053558766634264 0.0019549800100963984 0.23199000000000755 0.17883711866079552 0.00071441909853582131 0.00053365970172817819 0.20127333333332445 -0.0016170644626092542 -0.00035783633905409062 -0.0012450527629678473 -0.0002701844073636494 9.519982710257917e-05 -0.00021012470027959737 0.00027833589750375865 -6.7248625989017313e-05 0.18801333333332576 -4.8080401972572231e-06
decision_type=2 2 2 2 2 2 2 2 2 2 2 2 2 2 2 2 2 2 2 2 2 2 2 2 2 2 2 2 2 2
left_child=2 5 3 -1 7 6 -2 16 11 -8 23 12 -4 -12 26 29 17 18 27 20 -13 -22 -11 -6 -23 -5 -15 -3 -26 -7
right_child=1 4 8 25 10 15 9 -9 -10 22 13 19 -14 14 -16 -17 -18 -19 -20 -21 21 24 -24 -25 28 -27 -28 -29 -30 -31
leaf_value=0.082045215009343808 -0.044221594069356419 0.0021902008076742554 -0.037397797416964168 -0.040891212064686815 0.022598268293856142 -0.03504443000435991 0.072521683478097732 -0.062442009782854017 -0.052043186388770313 -0.030547495016637772 -0.018264970677552925 0.014025605345961284 0.04469745016477733 0.084723351143482561 -0.005952866116296503 -0.048445780274979144 -0.024812977143002117 0.072530420109551935 -0.035929076659217324 0.0039574063001796079 -0.058860224958663034 0.0051855247700785933 0.031472451016132386 0.060115977277385858 -0.0480255170564187 0.016574372501544161 0.03409849097931577 0.056722291624664238 -0.0042163309275964509 0.01828231660539131
leaf_weight=15.600342929363249 20.205269306898117 11.207432568073267 10.534286081790926 9.9592189490795153 19.553887113928795 11.033788934350016 15.397371292114256 10.553423956036566 58.567345768213272 10.268188610672949 13.970758870244024 12.319247663021086 16.708928391337395 12.01862984895706 16.634483531117439 57.539455085992813 12.582074373960493 12.656694337725638 10.290634527802466 24.343325465917587 39.305499956011772 17.429016903042793 14.925465658307077 88.531820833683014 33.252472966909409 18.424036949872971 22.895029038190842 14.445315778255468 12.398246645927427 12.400705650448797
leaf_count=69 121 51 59 50 86 60 68 67 388 53 64 60 73 50 79 343 61 55 52 129 246 95 70 382 194 91 99 65 72 68
internal_value=-8.97089e-05 0.0130751 -0.019046 0.026784 0.0310989 -0.0181159 0.00623735 0.00586884 -0.0280106 0.0313546 0.0415243 -0.0195464 0.0129532 0.0220508 0.0329774 -0.0364006 0.0176519 0.0286456 0.0131926 -0.0259139 -0.0322534 -0.0378218 0.00619495 0.0533286 -0.0247126 -0.00358936 0.0515255 0.0328978 -0.0361274 -0.0068258
internal_weight=655.952 387.11 268.842 43.9836 245.34 141.77 60.7963 71.7356 224.858 40.591 173.605 166.291 27.2432 65.5189 51.5481 80.9739 61.1822 48.6001 35.9434 139.048 114.704 102.385 25.1937 108.086 63.0797 28.3833 34.9137 25.6527 45.6507 23.4345
internal_count=3420 1894 1526 210 1111 783 312 351 1316 191 760 928 132 292 228 471 284 223 168 796 667 607 123 468 361 141 149 116 266 128
is_linear=0
shrinkage=0.05


Tree=11
num_leaves=31
num_cat=0
split_feature=18 3 3 6 11 3 11 6 3 3 11 6 14 16 12 17 18 10 3 11 6 10 18 11 3 11 3 11 18 18
split_gain=93.258 31.9879 44.7037 47.1664 30.4079 23.1205 16.2625 14.3525 29.8066 28.2824 17.6118 15.2611 17.636 12.5035 12.4195 17.4294 12.3838 15.9125 11.4669 10.8617 10.769 10.1864 14.0938 16.3687 14.2328 10.0309 9.94596 11.3361 9.89284 9.64365
threshold=34.500000000000007 -0.00034737660404969567 0.0019549800100963984 0.33354999999997975 0.38117373761230061 -0.00055821516618313424 -0.076766099127212314 0.22396999999998571 0.00033781095985629082 0.00071441909853582131 0.22856433705709381 0.14810000000002224 7.186557327919296e-05 0.00016348335114891232 0.05476514198482469 0.00063415238128008121 143.50000000000003 60.730320526406466 -0.0021817657837445259 0.17345465310438615 0.344029999999998 37.945244069703087 54.500000000000007 -0.22687227616427205 -0.0014084515513677388 -0.63962613762515719 -0.0016170644626092542 0.12095000215816755 167.50000000000003 169.50000000000003
decision_type=2 2 2 2 2 2 2 2 2 2 2 2 2 2 2 2 2 2 2 2 2 2 2 2 2 2 2 2 2 2
left_child=4 18 6 -4 5 -1 28 8 11 14 -11 12 -8 -13 15 -9 -10 29 -2 -16 -6 22 -20 -24 -25 -7 -23 -28 -3 -18
right_child=1 2 3 -5 20 25 7 9 16 10 -12 13 -14 -15 19 -17 17 -19 21 -21 -22 26 23 24 -26 -27 27 -29 -30 -31
leaf_value=0.012586990454693176 -0.062570204034910176 0.014788498180726731 -0.050988605292447614 0.037491148962912418 -0.043655109536516912 0.036743734470382754 0.077634856500683386 0.070222293609857836 -0.049369003564756118 0.077238523483508931 0.0079588945947532599 0.041812362301741679 0.0092665283175558978 -0.024904044962596406 -0.048167495716816389 -0.016044762919070515 0.021812186461043014 0.055457428645776796 0.039710209993491868 0.016319350169906665 0.023910272139390815 0.013764693913933099 -0.060481691817077667 0.046782405796718218 -0.024335576596597311 0.087639618660168339 -0.036276790600391497 0.019597471695140152 -0.045902280577254859 -0.039361683561005029
leaf_weight=19.042266339063644 17.151749834418297 10.625516250729563 64.319482445716858 19.667796269059181 10.092306450009348 12.439813703298567 22.390471503138542 12.880210041999819 22.495420664548874 34.364675134420395 12.513956263661383 11.508688673377039 16.29896292090416 18.016969040036201 14.399765059351923 10.735001951456068 9.3614388853311556 9.0162701755762082 14.806033357977865 11.947407796978949 14.188667327165602 13.257332175970076 14.348134130239481 11.910345792770384 17.186953827738769 43.649642899632454 113.54728075861931 9.8665878027677518 18.242289841175079 20.661222830414772
leaf_count=86 108 48 427 87 54 53 96 57 135 146 56 58 78 96 70 52 52 45 72 53 64 69 78 59 102 177 676 54 92 120
internal_value=-0.000106364 -0.00814135 0.00137656 -0.0302688 0.04447 0.0601904 0.0117806 0.0162835 0.00541198 0.0308494 0.0587448 0.028173 0.0488329 0.00110108 0.00467573 0.031007 -0.0198202 -0.00279331 -0.0233757 -0.0189252 -0.00417306 -0.0199269 -0.00241897 -0.0167764 0.00477502 0.0763517 -0.027389 -0.0318098 -0.0235635 -0.0202869
internal_weight=650.933 551.52 339.446 83.9873 99.4127 75.1317 255.458 226.59 129.749 96.841 46.8786 68.2151 38.6894 29.5257 49.9624 23.6152 61.5344 39.0389 212.074 26.3472 24.281 194.923 58.2515 43.4454 29.0973 56.0895 136.671 123.414 28.8678 30.0227
internal_count=3420 2986 1768 514 434 316 1254 1114 680 434 202 328 174 154 232 109 352 217 1218 123 118 1110 311 239 161 230 799 730 140 172
is_linear=0
shrinkage=0.05


Tree=12
num_leaves=31
num_cat=0
split_feature=18 3 7 3 7 11 18 3 7 12 18 12 3 11 4 3 7 8 11 13 3 7 18 3 11 1 16 13 18 16
split_gain=84.423 29.339 42.5449 60.9417 39.1198 27.3621 23.5976 21.2042 18.19 13.4105 20.9809 33.7245 34.9226 13.4076 17.415 11.0562 10.783 10.0571 9.72826 9.59873 13.3414 14.0439 24.3616 14.4162 14.3728 13.2652 8.61957 8.30529 6.42433 5.06794
threshold=34.500000000000007 -0.00034737660404969567 0.24126666666667995 0.0011021313142152223 0.14985666666666478 0.38117373761230061 74.500000000000014 -0.00076411061037290524 0.50203095238095319 -0.054816926720002955 188.50000000000003 0.13865683448021862 0.00071441909853582131 0.19593367149229837 0.30264829130351312 -0.0021817657837445259 0.41053000000000567 9.519982710257917e-05 0.03500542426297671 0.052322057357675922 -0.00099649693947878224 0.30447333333332466 71.500000000000014 -0.0014449222534326162 -0.17075906793775172 -0.00034292710250344299 0.0002237416181573709 0.046673142750408736 255.50000000000003 0.0004456159206000992
decision_type=2 2 2 2 2 2 2 2 2 2 2 2 2 2 2 2 2 2 2 2 2 2 2 2 2 2 2 2 2 2
left_child=5 15 3 4 18 7 27 -1 -9 -8 11 12 -11 14 -6 -2 -7 -16 -3 20 21 22 -17 24 -24 -22 -25 -4 -5 -13
right_child=1 2 6 28 13 16 9 8 -10 10 -12 29 -14 -15 17 19 -18 -19 -20 -21 25 -23 23 26 -26 -27 -28 -29 -30 -31
leaf_value=0.0036582810963060397 -0.061811875805221107 0.065241042257656409 0.076848653244827536 -0.056321392636441314 0.039956486155703456 -0.042929400292070319 -0.030374172764253367 0.08432628505934163 0.01639602198793982 -0.015052969275950789 0.062064813518906282 -0.016715647370641167 0.08806200066171109 0.043409442468403392 0.0030048736902917304 0.061762637459979036 0.024653289747506312 -0.041327896246557416 0.018854952149442099 -0.048949594005919916 0.0082793859394435388 -0.048064045437524371 -0.024394214768608039 0.0032938086890733661 0.047149155900955197 -0.039178126084758146 -0.058147323515757389 0.025982461395087766 -0.0076391497213583034 -0.058217848944112541
leaf_weight=14.855709031224249 16.510313466191292 24.900925442576408 22.17825323343277 62.286381229758263 10.424018353223799 10.24492819607258 16.616922855377197 47.890498518943787 12.408038690686224 15.504182338714598 21.019372954964638 18.411588445305828 17.455932796001434 9.3319515585899335 17.392139092087746 16.308006852865219 13.923600539565085 48.373968094587326 20.69889160990715 23.73670856654644 18.85665474832058 13.145880490541456 12.395483717322351 8.9265639334917122 16.188045099377629 67.196168676018715 15.833272352814673 12.574844658374785 7.6041797846555701 12.249851107597349
leaf_count=68 108 103 91 428 54 52 80 195 53 75 96 93 71 48 92 81 66 276 94 146 103 81 65 54 82 403 95 54 54 59
internal_value=-0.000119412 -0.00783114 0.00129722 -0.0133158 0.00678382 0.0422831 0.022894 0.0571653 0.0703478 0.0106929 0.0187553 0.00444659 0.0395575 -0.0131584 -0.0200869 -0.0225443 -0.0039947 -0.0296039 0.0441852 -0.0191779 -0.0149926 -0.000664323 0.00828182 -0.00806821 0.0161238 -0.0287788 -0.0359962 0.0584435 -0.0510247 -0.0332966
internal_weight=645.443 546.121 337.023 201.012 131.122 99.3228 136.011 75.1542 60.2985 101.258 84.6409 63.6216 32.9601 85.5221 76.1901 209.097 24.1685 65.7661 45.5998 192.587 168.85 82.7973 69.6514 53.3434 28.5835 86.0528 24.7598 34.7531 69.8906 30.6614
internal_count=3420 2986 1768 1149 667 434 619 316 248 474 394 298 146 470 422 1218 118 368 197 1110 964 458 377 296 147 506 149 145 482 152
is_linear=0
shrinkage=0.05


Tree=13
num_leaves=31
num_cat=0
split_feature=18 3 7 3 7 12 18 3 7 2 12 18 12 3 7 8 8 4 13 3 8 3 18 18 12 3 12 8 10 14
split_gain=76.585 26.9241 38.6453 57.1027 35.1406 22.446 21.2562 17.555 23.2671 15.2702 13.8181 21.0371 28.6923 34.4523 12.0148 11.5906 11.546 11.2772 11.0055 10.6596 9.51275 12.8628 18.673 16.8932 13.4418 18.9435 13.4361 9.45188 8.19004 6.82159
threshold=34.500000000000007 -0.00034737660404969567 0.24126666666667995 0.0011021313142152223 0.14985666666666478 0.40755324518704927 76.500000000000014 -0.00055821516618313424 0.50203095238095319 0.0008454874315715345 -0.041015699982004841 188.50000000000003 0.13865683448021862 0.00071441909853582131 0.1905400000000062 0.00022239357290422467 9.8803385550067806e-05 0.49786666994163375 -0.0095929685344001547 -0.0021817657837445259 0.00026669134875647427 -0.0014084515513677388 117.50000000000001 246.50000000000003 -0.0017507562953963313 -0.00091983348786903835 -0.18656786491023877 0.00010695738933456128 55.212727671679865 -9.6539875650995309e-05
decision_type=2 2 2 2 2 2 2 2 2 2 2 2 2 2 2 2 2 2 2 2 2 2 2 2 2 2 2 2 2 2
left_child=5 19 3 4 27 7 9 -1 -9 -4 -8 12 13 -12 16 -7 -6 -16 -19 -2 21 26 24 29 25 -23 -21 28 -3 -24
right_child=1 2 6 -5 14 15 10 8 -10 -11 11 -13 -14 -15 17 -17 -18 18 -20 20 -22 22 23 -25 -26 -27 -28 -29 -30 -31
leaf_value=0.011381852564693987 -0.061107535125702508 0.04873162731720504 0.077190379920421909 -0.050144382121599412 0.0041621721224478891 -0.046095463239906334 -0.03087340926740257 0.084156282003412741 0.0089678918173988851 0.0085966113399511598 -0.020535781140152032 0.06193208834498496 -0.032079886259923848 0.083784709425899676 0.053082787020538605 0.027046779514016569 -0.047169739186282936 -0.049023986524488208 0.017160096562864151 -0.02398274744225894 -0.0426437402973186 0.02292305564945693 -0.025071076870550088 0.027742257306023699 0.052561290741645478 -0.047127321825259604 0.036160756170528982 0.065616492285641939 -0.0094912102241785871 -0.06002630533287176
leaf_weight=19.010113373398781 15.881510719656942 12.314839646220209 24.392547413706779 67.624486446380615 16.90852390229702 9.4211518615484255 17.271709680557251 44.478845998644829 13.385672524571417 12.157576277852057 14.496980637311937 20.686942279338837 29.337340399622917 17.430117726325989 10.362835720181463 12.742014333605765 31.109963968396187 10.243683204054834 16.23808653652668 15.612217143177984 33.521437853574753 19.661056265234944 21.780411645770073 8.513725131750105 10.407290935516356 18.956488922238353 22.917316824197769 21.734030812978745 11.854079425334929 38.858700349926949
leaf_count=85 108 51 100 482 92 52 85 182 57 52 71 92 148 71 51 58 192 54 81 84 208 105 135 49 56 111 115 92 54 247
internal_value=-0.000132524 -0.00754186 0.00122418 -0.0128423 0.00644816 0.0402871 0.021778 0.053068 0.0667631 0.0543742 0.00977072 0.0183367 0.003616 0.0364164 -0.0126147 -0.00404463 -0.0290945 0.00886288 -0.00844124 -0.0217541 -0.0184686 -0.0132973 -0.0214767 -0.0382112 0.00212838 -0.0114631 0.0117905 0.0416906 0.0201752 -0.0474711
internal_weight=639.312 540.274 334.164 198.391 130.766 99.0378 135.773 76.8746 57.8645 36.5501 99.2231 81.9514 61.2644 31.9271 84.8631 22.1632 48.0185 36.8446 26.4818 206.11 190.229 156.707 118.178 69.1528 49.0248 38.6175 38.5295 45.9029 24.1689 60.6391
internal_count=3420 2986 1768 1149 667 434 619 324 239 152 467 382 290 142 470 110 284 186 135 1218 1110 902 703 431 272 216 199 197 105 382
is_linear=0
shrinkage=0.05


Tree=14
num_leaves=31
num_cat=0
split_feature=18 3 11 3 3 7 18 12 7 7 3 11 12 4 7 12 7 11 2 3 10 18 7 7 11 3 7 11 11 11
split_gain=69.9069 26.5655 24.7625 22.2232 32.8234 43.6812 32.3857 16.5573 18.5455 31.4504 24.4485 17.5992 27.0377 17.3641 13.3121 12.4802 12.2028 10.8979 12.2091 10.4638 9.93523 9.61711 14.2495 20.9298 19.0096 11.1696 15.5081 9.59789 8.94936 8.8442
threshold=42.500000000000007 -0.00098494947923472736 0.38117373761230061 -0.00040018382529257373 0.0019549800100963984 0.33901000000000753 185.50000000000003 -0.069857274631769703 0.24126666666667995 0.15528333333334107 0.00071441909853582131 0.026454917435216888 0.086277505439019811 0.28547874041547838 0.41053000000000567 0.052909229682210158 0.4929333333333375 0.12095000215816755 7.8997789041634916e-05 -0.0021817657837445259 29.493318050736253 55.500000000000007 0.24199999999998836 0.20904999999999824 -0.12179651508091636 -0.0016541510623343887 0.13760333333333774 0.049393023300410739 0.20468174446341439 0.16351162548829737
decision_type=2 2 2 2 2 2 2 2 2 2 2 2 2 2 2 2 2 2 2 2 2 2 2 2 2 2 2 2 2 2
left_child=1 20 16 17 7 -6 -7 -5 9 11 15 -9 27 -11 -4 -10 -3 18 19 -2 -1 -21 23 25 -25 -23 -27 -13 -15 -12
right_child=3 2 14 4 5 6 -8 8 10 13 29 12 -14 28 -16 -17 -18 -19 -20 21 -22 22 -24 24 -26 26 -28 -29 -30 -31
leaf_value=0.019015627603019274 -0.060351458923691051 0.068747259663708163 -0.042706552468730813 -0.024344285685284683 -0.052749131675073294 -0.030652823491250609 0.087070484234225004 0.071394158680018763 0.039633414883366247 0.044960863686393043 0.076729792423922139 0.011023028072646565 0.072534276872576395 -0.032251031486927671 0.034541124957953889 -0.018194970822135097 0.015363937994051505 0.033391317954900239 -0.047535620733517955 0.028935822373986758 -0.048540539242874631 0.022926544859059539 -0.044278132751756245 0.083943521331663246 -0.010167665421490901 0.019258074951046634 -0.052035552519919565 -0.056587013954415837 0.014061684583699594 0.028511372557457455
leaf_weight=10.652437373995783 12.645781174302099 61.631680384278297 10.171467691659929 33.329700335860252 55.324279844760895 11.572400346398355 11.798110768198965 19.009108021855354 15.264435172080992 10.196299418807028 26.450813204050064 10.458568423986437 11.475022509694098 62.838725864887238 12.347665905952452 23.997918471693993 12.955252274870871 8.4585832208394987 43.94596503674984 12.521838113665579 11.127384737133978 10.813150346279135 33.694909423589706 10.647349163889887 10.81700713932514 10.164939939975744 30.559748232364655 10.538553029298781 12.507329910993574 14.848180338740347
leaf_count=50 90 258 52 167 408 55 50 84 68 51 110 51 52 370 56 114 55 46 285 67 60 50 209 53 62 53 203 54 74 63
internal_value=-0.000144289 0.0344078 0.0456013 -0.00813792 -0.000363463 -0.0285377 0.0287773 0.00847287 0.0134998 0.00230695 0.0325373 0.0331851 0.0108177 -0.0162762 -0.000350193 0.00428757 0.0594749 -0.0220444 -0.0247115 -0.017105 -0.015499 -0.0125178 -0.0173827 -0.00496883 0.036516 -0.0222463 -0.0342406 -0.0229108 -0.0245632 0.0593939
internal_weight=632.765 118.886 97.1061 513.879 329.609 78.6948 23.3705 250.915 217.585 137.024 80.5613 51.4813 32.4721 85.5424 22.5191 39.2624 74.5869 184.269 175.811 131.865 21.7798 119.219 106.697 73.0022 21.4644 51.5378 40.7247 20.9971 75.3461 41.299
internal_count=3420 531 421 2889 1771 513 105 1258 1091 736 355 241 157 495 108 182 313 1118 1072 787 110 697 630 421 115 306 256 105 444 173
is_linear=0
shrinkage=0.05


end of trees

feature_importances:
vwap_dev=124
atr_15=76
minutes_into_session=54
macd_signal=44
macd=34
atr_5=31
rsi_14=21
rv_5=14
macd_hist=12
ema_9_21_spread=8
rvol=7
high_dist_5=6
low_dist_5=6
ret_15=5
ema_slope=5
ret_5=3

parameters:
[boosting: gbdt]
[objective: binary]
[metric: binary_logloss]
[tree_learner: serial]
[device_type: cpu]
[data_sample_strategy: bagging]
[data: ]
[valid: ]
[num_iterations: 1000]
[learning_rate: 0.05]
[num_leaves: 31]
[num_threads: 0]
[seed: 42]
[deterministic: 0]
[force_col_wise: 0]
[force_row_wise: 0]
[histogram_pool_size: -1]
[max_depth: -1]
[min_data_in_leaf: 50]
[min_sum_hessian_in_leaf: 0.001]
[bagging_fraction: 0.8]
[pos_bagging_fraction: 1]
[neg_bagging_fraction: 1]
[bagging_freq: 5]
[bagging_seed: 400]
[bagging_by_query: 0]
[feature_fraction: 0.8]
[feature_fraction_bynode: 1]
[feature_fraction_seed: 30056]
[extra_trees: 0]
[extra_seed: 12879]
[early_stopping_round: 0]
[early_stopping_min_delta: 0]
[first_metric_only: 0]
[max_delta_step: 0]
[lambda_l1: 0]
[lambda_l2: 0]
[linear_lambda: 0]
[min_gain_to_split: 0]
[drop_rate: 0.1]
[max_drop: 50]
[skip_drop: 0.5]
[xgboost_dart_mode: 0]
[uniform_drop: 0]
[drop_seed: 17869]
[top_rate: 0.2]
[other_rate: 0.1]
[min_data_per_group: 100]
[max_cat_threshold: 32]
[cat_l2: 10]
[cat_smooth: 10]
[max_cat_to_onehot: 4]
[top_k: 20]
[monotone_constraints: ]
[monotone_constraints_method: basic]
[monotone_penalty: 0]
[feature_contri: ]
[forcedsplits_filename: ]
[refit_decay_rate: 0.9]
[cegb_tradeoff: 1]
[cegb_penalty_split: 0]
[cegb_penalty_feature_lazy: ]
[cegb_penalty_feature_coupled: ]
[path_smooth: 0]
[interaction_constraints: ]
[verbosity: -1]
[saved_feature_importance_type: 0]
[use_quantized_grad: 0]
[num_grad_quant_bins: 4]
[quant_train_renew_leaf: 0]
[stochastic_rounding: 1]
[linear_tree: 0]
[max_bin: 255]
[max_bin_by_feature: ]
[min_data_in_bin: 3]
[bin_construct_sample_cnt: 200000]
[data_random_seed: 175]
[is_enable_sparse: 1]
[enable_bundle: 1]
[use_missing: 1]
[zero_as_missing: 0]
[feature_pre_filter: 1]
[pre_partition: 0]
[two_round: 0]
[header: 0]
[label_column: ]
[weight_column: ]
[group_column: ]
[ignore_column: ]
[categorical_feature: ]
[forcedbins_filename: ]
[precise_float_parser: 0]
[parser_config_file: ]
[objective_seed: 16083]
[num_class: 1]
[is_unbalance: 0]
[scale_pos_weight: 1]
[sigmoid: 1]
[boost_from_average: 1]
[reg_sqrt: 0]
[alpha: 0.9]
[fair_c: 1]
[poisson_max_delta_step: 0.7]
[tweedie_variance_power: 1.5]
[lambdarank_truncation_level: 30]
[lambdarank_norm: 1]
[label_gain: ]
[lambdarank_position_bias_regularization: 0]
[eval_at: ]
[multi_error_top_k: 1]
[auc_mu_weights: ]
[num_machines: 1]
[local_listen_port: 12400]
[time_out: 120]
[machine_list_filename: ]
[machines: ]
[gpu_platform_id: -1]
[gpu_device_id: -1]
[gpu_device_id_list: ]
[gpu_use_dp: 0]
[num_gpu: 1]

end of parameters

pandas_categorical:[]
